tier,score,hist_name,hist_province,hist_reserve_no,hist_band,hist_acres,modern_name,modern_no,modern_jur,clss_code,clss_url
T1,1.0,Whycocomagh,NOVA SCOTIA,2,Micmac,1555.0,WHYCOCOMAGH INDIAN RESERVE NO. 2,2,NS,6065,https://clss.nrcan-rncan.gc.ca/mb-nc/en/index.html?can=6065
T1,1.0,Malagawatch,NOVA SCOTIA,4,Micmac,1200.0,MALAGAWATCH INDIAN RESERVE NO. 4,4,NS,6042,https://clss.nrcan-rncan.gc.ca/mb-nc/en/index.html?can=6042
T2,0.5,Marguerite,NOVA SCOTIA,25,Micmac,2.0,MARGAREE INDIAN RESERVE NO. 25,25,NS,6045,https://clss.nrcan-rncan.gc.ca/mb-nc/en/index.html?can=6045
T2,0.714,Escasoni,NOVA SCOTIA,3,Micmac,2800.0,ESKASONI INDIAN RESERVE NO. 3,3,NS,6043,https://clss.nrcan-rncan.gc.ca/mb-nc/en/index.html?can=6043
T3,1.0,Sydney,NOVA SCOTIA,28,Micmac,2.73,SYDNEY INDIAN RESERVE NO. 28A,28A,NS,6055,https://clss.nrcan-rncan.gc.ca/mb-nc/en/index.html?can=6055
T2,0.818,Cariboo Marsh,NOVA SCOTIA,29,Micmac,536.0,CARIBOU MARSH INDIAN RESERVE NO. 29,29,NS,6054,https://clss.nrcan-rncan.gc.ca/mb-nc/en/index.html?can=6054
T1,1.0,Chapel Island,NOVA SCOTIA,5,Micmac,1281.0,CHAPEL ISLAND INDIAN RESERVE NO. 5,5,NS,6041,https://clss.nrcan-rncan.gc.ca/mb-nc/en/index.html?can=6041
T1,1.0,Bear River.,NOVA SCOTIA,6,Micmac,1600.0,BEAR RIVER INDIAN RESERVE NO. 6,6,NS,6038,https://clss.nrcan-rncan.gc.ca/mb-nc/en/index.html?can=6038
T1,1.0,Ponhook Lake,NOVA SCOTIA,10,Micmac,200.0,PONHOOK LAKE INDIAN RESERVE NO. 10,10,NS,6030,https://clss.nrcan-rncan.gc.ca/mb-nc/en/index.html?can=6030
T2,0.0,Port Medway River,NOVA SCOTIA,14,Micmac,10.0,INDIAN BROOK INDIAN RESERVE NO. 14,14,NS,6070,https://clss.nrcan-rncan.gc.ca/mb-nc/en/index.html?can=6070
T2,0.833,Wild Cat,NOVA SCOTIA,12,Micmac,1150.0,WILDCAT INDIAN RESERVE NO. 12,12,NS,6031,https://clss.nrcan-rncan.gc.ca/mb-nc/en/index.html?can=6031
T2,0.0,Grand Lake,NOVA SCOTIA,13,Micmac,1000.0,SHUBENACADIE INDIAN RESERVE NO. 13,13,NS,6053,https://clss.nrcan-rncan.gc.ca/mb-nc/en/index.html?can=6053
T1,1.0,Beaver Lake,NOVA SCOTIA,17,Micmac,100.0,BEAVER LAKE INDIAN RESERVE NO. 17,17,NS,6057,https://clss.nrcan-rncan.gc.ca/mb-nc/en/index.html?can=6057
T2,0.818,Minister's Lake (Cow Bay or Coal Harbour),NOVA SCOTIA,30,Micmac,43.75,COLE HARBOUR INDIAN RESERVE NO. 30,30,NS,6058,https://clss.nrcan-rncan.gc.ca/mb-nc/en/index.html?can=6058
T1,1.0,Indian Brook or Shubenacadie,NOVA SCOTIA,14,Micmac,1790.0,INDIAN BROOK INDIAN RESERVE NO. 14,14,NS,6070,https://clss.nrcan-rncan.gc.ca/mb-nc/en/index.html?can=6070
T1,1.0,Pennall's Reserve,NOVA SCOTIA,19,Micmac,100.0,PENNAL INDIAN RESERVE NO. 19,19,NS,6052,https://clss.nrcan-rncan.gc.ca/mb-nc/en/index.html?can=6052
T1,1.0,New Ross,NOVA SCOTIA,20,Micmac,1000.0,NEW ROSS INDIAN RESERVE NO. 20,20,NS,6051,https://clss.nrcan-rncan.gc.ca/mb-nc/en/index.html?can=6051
T1,1.0,Gold River,NOVA SCOTIA,21,Micmac,1041.0,GOLD RIVER INDIAN RESERVE NO. 21,21,NS,6028,https://clss.nrcan-rncan.gc.ca/mb-nc/en/index.html?can=6028
T1,1.0,Fisher's Grant Reserves,NOVA SCOTIA,24,Micmac,50.0,FISHER'S GRANT INDIAN RESERVE NO. 24,24,NS,6048,https://clss.nrcan-rncan.gc.ca/mb-nc/en/index.html?can=6048
T2,0.143,Chapel Island (A),NOVA SCOTIA,31,Micmac,,MERIGOMISH HARBOUR INDIAN RESERVE NO. 31,31,NS,6050,https://clss.nrcan-rncan.gc.ca/mb-nc/en/index.html?can=6050
T4,1.0,Franklin Manor,NOVA SCOTIA,22,Micmac.,1000.0,FRANKLIN MANOR INDIAN RESERVE NO. 22 (PART),,NS,6033,https://clss.nrcan-rncan.gc.ca/mb-nc/en/index.html?can=6033
T2,0.071,Pomquet and Afton Reserves,NOVA SCOTIA,23,Micmac.,525.0,PAQTNKEK-NIKTUEK INDIAN RESERVE NO. 23,23,NS,6034,https://clss.nrcan-rncan.gc.ca/mb-nc/en/index.html?can=6034
T1,1.0,Millbrook,NOVA SCOTIA,27,Micmac.,35.0,MILLBROOK INDIAN RESERVE NO. 27,27,NS,6059,https://clss.nrcan-rncan.gc.ca/mb-nc/en/index.html?can=6059
T1,1.0,Yarmouth,NOVA SCOTIA,33,Micmac.,21.19,YARMOUTH INDIAN RESERVE NO. 33,33,NS,6032,https://clss.nrcan-rncan.gc.ca/mb-nc/en/index.html?can=6032
T1,1.0,Lennox Island,PRINCE EDWARD ISLAND,1,Micmac.,1320.0,LENNOX ISLAND INDIAN RESERVE NO. 1,1,PE,6003,https://clss.nrcan-rncan.gc.ca/mb-nc/en/index.html?can=6003
T1,1.0,Morell,PRINCE EDWARD ISLAND,2,Micmac.,204.0,MORELL INDIAN RESERVE NO. 2,2,PE,6000,https://clss.nrcan-rncan.gc.ca/mb-nc/en/index.html?can=6000
T1,1.0,Indian Point,NEW BRUNSWICK,1,"Micmac, Red Bank band.",100.0,INDIAN POINT INDIAN RESERVE NO. 1,1,NB,6020,https://clss.nrcan-rncan.gc.ca/mb-nc/en/index.html?can=6020
T1,1.0,Eel Ground,NEW BRUNSWICK,2,"Micmac, Eel Ground band.",2.682,EEL GROUND INDIAN RESERVE NO. 2,2,NB,6011,https://clss.nrcan-rncan.gc.ca/mb-nc/en/index.html?can=6011
T1,1.0,Red Bank,NEW BRUNSWICK,4,"Micmac, Red Bank band.",3797.0,RED BANK INDIAN RESERVE NO. 4,4,NB,6021,https://clss.nrcan-rncan.gc.ca/mb-nc/en/index.html?can=6021
T1,1.0,No name (Part of the Red Bank Reserve),NEW BRUNSWICK,7,"Micmac, Red Bank band.",2353.0,RED BANK INDIAN RESERVE NO. 7,7,NB,6022,https://clss.nrcan-rncan.gc.ca/mb-nc/en/index.html?can=6022
T2,0.077,Big Hole Track,NEW BRUNSWICK,8,Micmac. The north half belongs to the Red Bank band; half to the Eel Ground band.,6303.0,METEPENAGIAG URBAN RESERVE 8,8,NB,10156,https://clss.nrcan-rncan.gc.ca/mb-nc/en/index.html?can=10156
T1,1.0,Tabusintac,NEW BRUNSWICK,9,Micmac.,8077.0,TABUSINTAC INDIAN RESERVE NO. 9,9,NB,6008,https://clss.nrcan-rncan.gc.ca/mb-nc/en/index.html?can=6008
T1,1.0,Renous,NEW BRUNSWICK,12,"Micmac, Eel Ground band.",100.0,RENOUS INDIAN RESERVE NO. 12,12,NB,6012,https://clss.nrcan-rncan.gc.ca/mb-nc/en/index.html?can=6012
T2,0.0,Burnt Church,NEW BRUNSWICK,14,Micmac.,2058.0,ESGENOÔPETITJ INDIAN RESERVE NO. 14,14,NB,6006,https://clss.nrcan-rncan.gc.ca/mb-nc/en/index.html?can=6006
T1,1.0,Eel River,NEW BRUNSWICK,3,Micmac.,220.0,EEL RIVER INDIAN RESERVE NO. 3,3,NB,6013,https://clss.nrcan-rncan.gc.ca/mb-nc/en/index.html?can=6013
T1,1.0,St. Mary's,NEW BRUNSWICK,24,Amalecite.,2.5,ST. MARY'S INDIAN RESERVE NO. 24,24,NB,6024,https://clss.nrcan-rncan.gc.ca/mb-nc/en/index.html?can=6024
T1,0.875,St. Basil Edmundston,NEW BRUNSWICK,10,Amalecite.,722.0,ST. BASILE INDIAN RESERVE NO. 10,10,NB,6009,https://clss.nrcan-rncan.gc.ca/mb-nc/en/index.html?can=6009
T1,1.0,Tobique,NEW BRUNSWICK,20,Amalecite.,5766.0,TOBIQUE INDIAN RESERVE NO. 20,20,NB,6025,https://clss.nrcan-rncan.gc.ca/mb-nc/en/index.html?can=6025
T1,1.0,Pabineau,NEW BRUNSWICK,11,Micmac.,1000.0,PABINEAU INDIAN RESERVE NO. 11,11,NB,6018,https://clss.nrcan-rncan.gc.ca/mb-nc/en/index.html?can=6018
T3,1.0,Indian Island,NEW BRUNSWICK,25,Micmacs of Bathurst.,16.0,INDIAN ISLAND INDIAN RESERVE NO. 28,28,NB,6015,https://clss.nrcan-rncan.gc.ca/mb-nc/en/index.html?can=6015
T2,0.667,Pockmouche,NEW BRUNSWICK,13,Micmac.,2477.0,POKEMOUCHE INDIAN RESERVE NO. 13,13,NB,6007,https://clss.nrcan-rncan.gc.ca/mb-nc/en/index.html?can=6007
T1,1.0,Richibucto,NEW BRUNSWICK,15,"Micmacs, Big Cove band.",2202.75,RICHIBUCTO INDIAN RESERVE NO. 15,15,NB,6004,https://clss.nrcan-rncan.gc.ca/mb-nc/en/index.html?can=6004
T1,1.0,Buctouche,NEW BRUNSWICK,16,Micmac,,BUCTOUCHE INDIAN RESERVE NO. 16,16,NB,6005,https://clss.nrcan-rncan.gc.ca/mb-nc/en/index.html?can=6005
T3,1.0,Indian Island reserve,NEW BRUNSWICK,27,Micmac.,,INDIAN ISLAND INDIAN RESERVE NO. 28,28,NB,6015,https://clss.nrcan-rncan.gc.ca/mb-nc/en/index.html?can=6015
T3,1.0,Fort Folly,NEW BRUNSWICK,27,Micmac.,62.5,FORT FOLLY INDIAN RESERVE NO. 1,1,NB,6014,https://clss.nrcan-rncan.gc.ca/mb-nc/en/index.html?can=6014
T1,1.0,The Brothers.,NEW BRUNSWICK,18,Micmacs.,10.0,THE BROTHERS INDIAN RESERVE NO. 18,18,NB,6027,https://clss.nrcan-rncan.gc.ca/mb-nc/en/index.html?can=6027
T1,1.0,Woodstock.,NEW BRUNSWICK,23,Amalecite.,200.0,WOODSTOCK INDIAN RESERVE NO. 23,23,NB,6026,https://clss.nrcan-rncan.gc.ca/mb-nc/en/index.html?can=6026
T1,1.0,Oromocto.,NEW BRUNSWICK,26,Amalecite.,125.0,OROMOCTO INDIAN RESERVE NO. 26,26,NB,6017,https://clss.nrcan-rncan.gc.ca/mb-nc/en/index.html?can=6017
T2,0.25,Maria.,QUEBEC,2,Micmacs.,416.0,ROMAINE INDIAN RESERVE NO. 2,2,QC,6109,https://clss.nrcan-rncan.gc.ca/mb-nc/en/index.html?can=6109
T2,0.0,Betsiamits.,QUEBEC,3,"Montagnais, Tadousacs, Papinachois, Nauthapis and other nomadic tribes.",63100.0,MATIMEKOSH INDIAN RESERVE NO. 3,3,QC,6136,https://clss.nrcan-rncan.gc.ca/mb-nc/en/index.html?can=6136
T2,0.0,Lorette.,QUEBEC,7,Hurons of Lorette.,26.75,VILLAGE DES HURONS WENDAKE INDIAN RESERVE NO. 7,7,QC,6086,https://clss.nrcan-rncan.gc.ca/mb-nc/en/index.html?can=6086
T2,0.0,Becancour.,QUEBEC,11,Abenakis of Becancour.,148.63,RÉSERVE DE WÔLINAK NO. 11,11,QC,6098,https://clss.nrcan-rncan.gc.ca/mb-nc/en/index.html?can=6098
T2,0.0,Pierreville,QUEBEC,12,Abenakis of St. Francis.,1538.5,ODANAK INDIAN RESERVE NO. 12,12,QC,6099,https://clss.nrcan-rncan.gc.ca/mb-nc/en/index.html?can=6099
T2,0.5,Caughnawaga,QUEBEC,14,Iroquois of St. Louis.,12625.17,KAHNAWAKE INDIAN RESERVE NO. 14,14,QC,6097,https://clss.nrcan-rncan.gc.ca/mb-nc/en/index.html?can=6097
T2,0.0,St. Regis.,QUEBEC,15,Iroquois of St. Regis.,6886.75,AKWESASNE RESERVE NO. 15,15,QC,6209,https://clss.nrcan-rncan.gc.ca/mb-nc/en/index.html?can=6209
T1,1.0,Doncaster.,QUEBEC,17,"Iroquois of Sault St. Louis, and Iroquois of Lake of Two Mountains.",18500.0,DONCASTER INDIAN RESERVE NO. 17,17,QC,6096,https://clss.nrcan-rncan.gc.ca/mb-nc/en/index.html?can=6096
T1,1.0,Cacouna.,QUEBEC,22,Amalecites of Isle Verte and Viger.,0.44,CACOUNA INDIAN RESERVE NO. 22,22,QC,6090,https://clss.nrcan-rncan.gc.ca/mb-nc/en/index.html?can=6090
T3,1.0,Coucoucache,QUEBEC,24,Algonquins and Téte de Boule.,380.0,COUCOUCACHE INDIAN RESERVE NO. 24A,24A,QC,6102,https://clss.nrcan-rncan.gc.ca/mb-nc/en/index.html?can=6102
T1,0.889,Maganettawan,ONTARIO,1,Ojibbewas of Lake Huron.,8647.5,MAGNETAWAN INDIAN RESERVE NO. 1,1,ON,6204,https://clss.nrcan-rncan.gc.ca/mb-nc/en/index.html?can=6204
T1,1.0,Henvey Inlet,ONTARIO,2,Ojibbewas of Lake Huron.,24930.0,HENVEY INLET INDIAN RESERVE NO. 2,2,ON,6170,https://clss.nrcan-rncan.gc.ca/mb-nc/en/index.html?can=6170
T1,1.0,Point Grondin,ONTARIO,3,Ojibbewas of Lake Huron.,10100.0,POINT GRONDINE INDIAN RESERVE NO. 3,3,ON,6176,https://clss.nrcan-rncan.gc.ca/mb-nc/en/index.html?can=6176
T1,1.0,Whitefish River,ONTARIO,4,Ojibbewas of Lake Huron.,10600.0,WHITEFISH RIVER INDIAN RESERVE NO. 4,4,ON,6168,https://clss.nrcan-rncan.gc.ca/mb-nc/en/index.html?can=6168
T1,1.0,Whitefish Lake,ONTARIO,6,Ojibbewas of Lake Huron.,43755.0,WHITEFISH LAKE INDIAN RESERVE NO. 6,6,ON,6156,https://clss.nrcan-rncan.gc.ca/mb-nc/en/index.html?can=6156
T1,1.0,Serpent River,ONTARIO,7,Ojibbewas of Lake Huron.,27480.0,SERPENT RIVER INDIAN RESERVE NO. 7,7,ON,6185,https://clss.nrcan-rncan.gc.ca/mb-nc/en/index.html?can=6185
T1,1.0,Mississagi River,ONTARIO,8,Ojibbewas of Lake Huron.,5636.0,MISSISSAGI RIVER INDIAN RESERVE NO. 8,8,ON,6159,https://clss.nrcan-rncan.gc.ca/mb-nc/en/index.html?can=6159
T1,1.0,Dokis,ONTARIO,9,Hurons of Lake Huron.,30300.0,DOKIS INDIAN RESERVE NO. 9,9,ON,6150,https://clss.nrcan-rncan.gc.ca/mb-nc/en/index.html?can=6150
T1,1.0,Nipissing,ONTARIO,10,Ojibbewas of Lake Huron.,80640.0,NIPISSING INDIAN RESERVE NO. 10,10,ON,6152,https://clss.nrcan-rncan.gc.ca/mb-nc/en/index.html?can=6152
T1,0.875,Wanapitae,ONTARIO,11,Ojibbewas of Lake Huron.,2560.0,WAHNAPITAE INDIAN RESERVE NO. 11,11,ON,6171,https://clss.nrcan-rncan.gc.ca/mb-nc/en/index.html?can=6171
T1,1.0,Thessalon,ONTARIO,12,Ojibbewas of Lake Huron.,2307.0,THESSALON INDIAN RESERVE NO. 12,12,ON,6187,https://clss.nrcan-rncan.gc.ca/mb-nc/en/index.html?can=6187
T1,1.0,French River,ONTARIO,13,Ojibbewas of Lake Huron.,4560.0,FRENCH RIVER INDIAN RESERVE NO. 13,13,ON,6169,https://clss.nrcan-rncan.gc.ca/mb-nc/en/index.html?can=6169
T1,1.0,Garden River,ONTARIO,14,Ojibbewas of Lake Huron.,24126.0,GARDEN RIVER INDIAN RESERVE NO. 14,14,ON,6184,https://clss.nrcan-rncan.gc.ca/mb-nc/en/index.html?can=6184
T1,1.0,Goulais Bay.,ONTARIO,15A,Ojibbewas of Lake Huron.,1595.0,GOULAIS BAY INDIAN RESERVE NO. 15A,15A,ON,6181,https://clss.nrcan-rncan.gc.ca/mb-nc/en/index.html?can=6181
T3,1.0,Whitefish Island,ONTARIO,15B,Ojibbewas of Lake Huron.,20.0,WHITEFISH ISLAND INDIAN RESERVE,,ON,9350,https://clss.nrcan-rncan.gc.ca/mb-nc/en/index.html?can=9350
T3,1.0,Parry Island,ONTARIO,16,Ojibbewas of Lake Huron.,19000.0,PARRY ISLAND FIRST NATION,,ON,6205,https://clss.nrcan-rncan.gc.ca/mb-nc/en/index.html?can=6205
T1,1.0,Shawanaga,ONTARIO,17,Ojibbewas of Lake Huron.,8475.0,SHAWANAGA INDIAN RESERVE NO. 17,17,ON,6201,https://clss.nrcan-rncan.gc.ca/mb-nc/en/index.html?can=6201
T1,1.0,Naiscoutaing,ONTARIO,17A,Ojibbewas of Lake Huron.,2650.0,NAISCOUTAING INDIAN RESERVE NO. 17A,17A,ON,6202,https://clss.nrcan-rncan.gc.ca/mb-nc/en/index.html?can=6202
T2,0.0,Cockburn Island,ONTARIO,19,Ottawas and Chippewas of Lake Huron.,864.0,ZHIIBAAHAASING INDIAN RESERVE NO. 19,19,ON,6173,https://clss.nrcan-rncan.gc.ca/mb-nc/en/index.html?can=6173
T1,1.0,Sheshegwaning,ONTARIO,20,Ottawas and Chippewas of Lake Huron.,5000.0,SHESHEGWANING INDIAN RESERVE NO. 20,20,ON,6178,https://clss.nrcan-rncan.gc.ca/mb-nc/en/index.html?can=6178
T2,0.0,West Bay,ONTARIO,22,Ottawas and Chippewas of Lake Huron.,8399.0,M'CHIGEENG INDIAN RESERVE NO. 22,22,ON,6180,https://clss.nrcan-rncan.gc.ca/mb-nc/en/index.html?can=6180
T1,1.0,Sucker Creek,ONTARIO,23,Ottawas and Chippewas of Lake Huron.,1665.0,SUCKER CREEK INDIAN RESERVE NO. 23,23,ON,6179,https://clss.nrcan-rncan.gc.ca/mb-nc/en/index.html?can=6179
T1,1.0,Sheguiandah,ONTARIO,24,Ottawas and Chippewas of Lake Huron.,5106.0,SHEGUIANDAH INDIAN RESERVE NO. 24,24,ON,6177,https://clss.nrcan-rncan.gc.ca/mb-nc/en/index.html?can=6177
T1,1.0,Chief's Point,ONTARIO,28,Ottawas and Chippewas of Lake Huron.,1280.0,CHIEF'S POINT INDIAN RESERVE NO. 28,28,ON,6220,https://clss.nrcan-rncan.gc.ca/mb-nc/en/index.html?can=6220
T1,1.0,Saugeen reserve,ONTARIO,29,Ottawas and Chippewas of Lake Huron.,9020.0,SAUGEEN INDIAN RESERVE NO. 29,29,ON,6221,https://clss.nrcan-rncan.gc.ca/mb-nc/en/index.html?can=6221
T1,1.0,"Christian Islands, viz.: - Christian, Hope and Beckwith.",ONTARIO,30,"Chippewas of Lakes Couchiching, Simcoe and Huron.",13300.0,CHRISTIAN ISLAND INDIAN RESERVE NO. 30,30,ON,6199,https://clss.nrcan-rncan.gc.ca/mb-nc/en/index.html?can=6199
T4,1.0,Rama,ONTARIO,32,"Chippewas of Lakes Couchiching, Simcoe and Huron.",2000.0,CHIPPEWAS OF RAMA FIRST NATION,,ON,6195,https://clss.nrcan-rncan.gc.ca/mb-nc/en/index.html?can=6195
T2,0.0,Scugog,ONTARIO,34,Mississaguas of Scugog.,800.0,LAKE OF THE WOODS INDIAN RESERVE NO. 34,34,ON,6275,https://clss.nrcan-rncan.gc.ca/mb-nc/en/index.html?can=6275
T2,0.571,Mud Lake,ONTARIO,35,Mississaguas of Mud Lake.,1664.0,CURVE LAKE FIRST NATION INDIAN RESERVE NO. 35,35,ON,6213,https://clss.nrcan-rncan.gc.ca/mb-nc/en/index.html?can=6213
T1,1.0,Islands in the Trent waters.,ONTARIO,36A,"Mississaguas of Rice, Mud and Scugog Lakes.",,ISLANDS IN THE TRENT WATERS INDIAN RESERVE NO. 36A,36A,ON,6197,https://clss.nrcan-rncan.gc.ca/mb-nc/en/index.html?can=6197
T1,1.0,Sugar Island,ONTARIO,37A,Mississaguas of Alnwick.,100.0,SUGAR ISLAND INDIAN RESERVE NO. 37A,37A,ON,6212,https://clss.nrcan-rncan.gc.ca/mb-nc/en/index.html?can=6212
T4,1.0,Tyendinaga,ONTARIO,38,Mohawks of the bay of Quinte.,18600.0,TYENDINAGA MOHAWK TERRITORY,,ON,6217,https://clss.nrcan-rncan.gc.ca/mb-nc/en/index.html?can=6217
T2,0.0,Tuscarora,ONTARIO,40,"The Six Nations, consisting of the Mohawks, Oneidas, Onodagas, Tuscaroras, Cayugas, Senecas and Delawares.",49696.0,SIX NATIONS INDIAN RESERVE NO. 40,40,ON,6225,https://clss.nrcan-rncan.gc.ca/mb-nc/en/index.html?can=6225
T1,1.0,Oneida,ONTARIO,41,Oneidas of the Thames.,4620.0,ONEIDA INDIAN RESERVE NO. 41,41,ON,6191,https://clss.nrcan-rncan.gc.ca/mb-nc/en/index.html?can=6191
T2,0.0,Caradoc,ONTARIO,42,Chippewas of the Thames and Munsees.,10800.0,CHIPPEWAS OF THE THAMES FIRST NATION RESERVE NO. 42,42,ON,6188,https://clss.nrcan-rncan.gc.ca/mb-nc/en/index.html?can=6188
T1,1.0,Kettle Point.,ONTARIO,44,Chippewas of Chenail Ecarté and St. Clair.,2224.0,KETTLE POINT INDIAN RESERVE NO. 44,44,ON,6193,https://clss.nrcan-rncan.gc.ca/mb-nc/en/index.html?can=6193
T1,1.0,Sarnia,ONTARIO,45,Chippewas of Chenail Ecarté and St. Clair.,4943.0,SARNIA INDIAN RESERVE NO. 45,45,ON,6194,https://clss.nrcan-rncan.gc.ca/mb-nc/en/index.html?can=6194
T1,1.0,Walpole Island,ONTARIO,46,Chippewas and Pottawattamies of Walpole island.,40480.0,WALPOLE ISLAND INDIAN RESERVE NO. 46,46,ON,6192,https://clss.nrcan-rncan.gc.ca/mb-nc/en/index.html?can=6192
T2,0.25,Orford,ONTARIO,47,Moravians of the Thames,3010.0,MORAVIAN INDIAN RESERVE NO. 47,47,ON,6189,https://clss.nrcan-rncan.gc.ca/mb-nc/en/index.html?can=6189
T1,1.0,Gros Cap,ONTARIO,49,Ojibbewas of Lake Superior.,10800.0,GROS CAP INDIAN RESERVE NO. 49,49,ON,6157,https://clss.nrcan-rncan.gc.ca/mb-nc/en/index.html?can=6157
T1,1.0,Pic River,ONTARIO,50,Ojibbewas of Lake Superior.,800.0,PIC RIVER INDIAN RESERVE NO. 50,50,ON,6306,https://clss.nrcan-rncan.gc.ca/mb-nc/en/index.html?can=6306
T1,1.0,Pays Plat,ONTARIO,51,Ojibbewas of Lake Superior.,605.0,PAYS PLAT INDIAN RESERVE NO. 51,51,ON,6305,https://clss.nrcan-rncan.gc.ca/mb-nc/en/index.html?can=6305
T1,1.0,Fort William,ONTARIO,52,Ojibbewas of Lake Superior.,14500.0,FORT WILLIAM INDIAN RESERVE NO. 52,52,ON,6300,https://clss.nrcan-rncan.gc.ca/mb-nc/en/index.html?can=6300
T1,1.0,Red Rock,ONTARIO,53,Ojibbewas of Lake Superior.,468.0,RED ROCK INDIAN RESERVE NO. 53,53,ON,6308,https://clss.nrcan-rncan.gc.ca/mb-nc/en/index.html?can=6308
T1,1.0,Gull River,ONTARIO,55,Ojibbewas of Lake Superior.,9825.0,GULL RIVER INDIAN RESERVE NO. 55,55,ON,6301,https://clss.nrcan-rncan.gc.ca/mb-nc/en/index.html?can=6301
T4,0.889,Island Point,ONTARIO,56,Ojibbewas of Lake Superior.,135.5,SAND POINT FIRST NATION RESERVE,,ON,9902,https://clss.nrcan-rncan.gc.ca/mb-nc/en/index.html?can=9902
T1,1.0,Long Lake,ONTARIO,58,Ojibbewas of Lake Superior.,612.0,LONG LAKE INDIAN RESERVE NO. 58,58,ON,6297,https://clss.nrcan-rncan.gc.ca/mb-nc/en/index.html?can=6297
T2,0.0,Cornwall Island,ONTARIO,59,Iroquois of St. Regis.,2050.0,AKWESASNE RESERVE NO. 59,59,ON,6210,https://clss.nrcan-rncan.gc.ca/mb-nc/en/index.html?can=6210
T2,0.0,Little Forks,ONTARIO,10,,1920.13,NIPISSING INDIAN RESERVE NO. 10,10,ON,6152,https://clss.nrcan-rncan.gc.ca/mb-nc/en/index.html?can=6152
T1,1.0,Manitou Rapids,ONTARIO,11,,5736.5,MANITOU RAPIDS INDIAN RESERVE NO. 11,11,ON,6248,https://clss.nrcan-rncan.gc.ca/mb-nc/en/index.html?can=6248
T1,1.0,Long Sault No. 2,ONTARIO,12,,5046.75,LONG SAULT INDIAN RESERVE NO. 12,12,ON,6146,https://clss.nrcan-rncan.gc.ca/mb-nc/en/index.html?can=6146
T2,0.0,Long Sault No. 1,ONTARIO,13,,6366.73,FRENCH RIVER INDIAN RESERVE NO. 13,13,ON,6169,https://clss.nrcan-rncan.gc.ca/mb-nc/en/index.html?can=6169
T2,0.125,Rainy Lake,ONTARIO,16A,,100.0,COUCHICHING INDIAN RESERVE NO. 16A,16A,ON,6241,https://clss.nrcan-rncan.gc.ca/mb-nc/en/index.html?can=6241
T2,0.0,"Agency Reserve, Fort Frances",ONTARIO,41,,170.0,ONEIDA INDIAN RESERVE NO. 41,41,ON,6191,https://clss.nrcan-rncan.gc.ca/mb-nc/en/index.html?can=6191
T1,1.0,Rainy Lake (Niacatchewenin),ONTARIO,17A,,3761.5,RAINY LAKE INDIAN RESERVE NO. 17A,17A,ON,6243,https://clss.nrcan-rncan.gc.ca/mb-nc/en/index.html?can=6243
T1,1.0,English River or Grassy Narrows,ONTARIO,21,,10244.0,ENGLISH RIVER INDIAN RESERVE NO. 21,21,ON,6267,https://clss.nrcan-rncan.gc.ca/mb-nc/en/index.html?can=6267
T1,0.875,Wabaskang,ONTARIO,21,,8042.0,WABAUSKANG INDIAN RESERVE NO. 21,21,ON,6289,https://clss.nrcan-rncan.gc.ca/mb-nc/en/index.html?can=6289
T1,1.0,Sturgeon Falls,ONTARIO,23,,6825.2,STURGEON FALLS INDIAN RESERVE NO. 23,23,ON,6256,https://clss.nrcan-rncan.gc.ca/mb-nc/en/index.html?can=6256
T1,1.0,Seine River,ONTARIO,23A,,2003.2,SEINE RIVER INDIAN RESERVE NO. 23A,23A,ON,6254,https://clss.nrcan-rncan.gc.ca/mb-nc/en/index.html?can=6254
T1,0.917,Neguaquon Lake (Lac la Croix),ONTARIO,25D,,15355.3,NEGUAGUON LAKE INDIAN RESERVE NO. 25D,25D,ON,6242,https://clss.nrcan-rncan.gc.ca/mb-nc/en/index.html?can=6242
T1,1.0,Rainy Lake (Nikickonsemenecanning),ONTARIO,26A,,4850.0,RAINY LAKE INDIAN RESERVE NO. 26A,26A,ON,6245,https://clss.nrcan-rncan.gc.ca/mb-nc/en/index.html?can=6245
T1,1.0,Rainy Lake (Nikickonsemenecanning),ONTARIO,26B,,2640.0,RAINY LAKE INDIAN RESERVE NO. 26B,26B,ON,6246,https://clss.nrcan-rncan.gc.ca/mb-nc/en/index.html?can=6246
T1,1.0,Rainy Lake (Nikickonsemenecanning),ONTARIO,26C,,2737.0,RAINY LAKE INDIAN RESERVE NO. 26C,26C,ON,6247,https://clss.nrcan-rncan.gc.ca/mb-nc/en/index.html?can=6247
T1,1.0,Wabigoon Lake,ONTARIO,27,,12872.0,WABIGOON LAKE INDIAN RESERVE NO. 27,27,ON,6290,https://clss.nrcan-rncan.gc.ca/mb-nc/en/index.html?can=6290
T1,1.0,Eagle Lake,ONTARIO,27,,8882.0,EAGLE LAKE INDIAN RESERVE NO. 27,27,ON,6266,https://clss.nrcan-rncan.gc.ca/mb-nc/en/index.html?can=6266
T1,1.0,Lac Seul or Lonely Lake,ONTARIO,28,,49000.0,LAC SEUL INDIAN RESERVE NO. 28,28,ON,6316,https://clss.nrcan-rncan.gc.ca/mb-nc/en/index.html?can=6316
T1,1.0,Swan Lake,ONTARIO,29,,277.0,SWAN LAKE INDIAN RESERVE NO. 29,29,ON,6270,https://clss.nrcan-rncan.gc.ca/mb-nc/en/index.html?can=6270
T1,1.0,One Man's Lake,ONTARIO,29,,668.0,ONE MAN LAKE INDIAN RESERVE NO. 29,29,ON,6269,https://clss.nrcan-rncan.gc.ca/mb-nc/en/index.html?can=6269
T1,1.0,Agency Reserve (Sabaskasing),ONTARIO,30,,640.0,AGENCY INDIAN RESERVE NO. 30,30,ON,6240,https://clss.nrcan-rncan.gc.ca/mb-nc/en/index.html?can=6240
T1,1.0,Naongashing,ONTARIO,31A,,1280.0,NAONGASHING INDIAN RESERVE NO. 31A,31A,ON,6238,https://clss.nrcan-rncan.gc.ca/mb-nc/en/index.html?can=6238
T1,1.0,Lake of the Woods,ONTARIO,31B,,726.0,LAKE OF THE WOODS INDIAN RESERVE NO. 31B,31B,ON,6234,https://clss.nrcan-rncan.gc.ca/mb-nc/en/index.html?can=6234
T1,1.0,Lake of the Woods.,ONTARIO,31C,,800.0,LAKE OF THE WOODS INDIAN RESERVE NO. 31C,31C,ON,6235,https://clss.nrcan-rncan.gc.ca/mb-nc/en/index.html?can=6235
T1,1.0,Big Island,ONTARIO,31D,,915.0,BIG ISLAND INDIAN RESERVE NO. 31D,31D,ON,6230,https://clss.nrcan-rncan.gc.ca/mb-nc/en/index.html?can=6230
T1,1.0,Big Island,ONTARIO,31E,,1920.0,BIG ISLAND INDIAN RESERVE NO. 31E,31E,ON,6231,https://clss.nrcan-rncan.gc.ca/mb-nc/en/index.html?can=6231
T1,1.0,Big Island,ONTARIO,31F,,,BIG ISLAND INDIAN RESERVE NO. 31F,31F,ON,6232,https://clss.nrcan-rncan.gc.ca/mb-nc/en/index.html?can=6232
T1,1.0,Lake of the Woods,ONTARIO,31G,,275.0,LAKE OF THE WOODS INDIAN RESERVE NO. 31G,31G,ON,6236,https://clss.nrcan-rncan.gc.ca/mb-nc/en/index.html?can=6236
T2,0.111,Big Island,ONTARIO,31H,,1541.0,LAKE OF THE WOODS INDIAN RESERVE NO. 31H,31H,ON,6237,https://clss.nrcan-rncan.gc.ca/mb-nc/en/index.html?can=6237
T1,1.0,Shoal Lake,ONTARIO,31J,,1280.0,SHOAL LAKE INDIAN RESERVE NO. 31J,31J,ON,6239,https://clss.nrcan-rncan.gc.ca/mb-nc/en/index.html?can=6239
T1,1.0,Whitefish Bay,ONTARIO,32A,,4865.2,WHITEFISH BAY INDIAN RESERVE NO. 32A,32A,ON,6292,https://clss.nrcan-rncan.gc.ca/mb-nc/en/index.html?can=6292
T1,1.0,Yellow Girl Bay,ONTARIO,32B,,4454.3,YELLOW GIRL BAY INDIAN RESERVE NO. 32B,32B,ON,6293,https://clss.nrcan-rncan.gc.ca/mb-nc/en/index.html?can=6293
T1,1.0,Sabaskong Bay,ONTARIO,32C,,1280.0,SABASKONG BAY INDIAN RESERVE NO. 32C,32C,ON,6291,https://clss.nrcan-rncan.gc.ca/mb-nc/en/index.html?can=6291
T1,1.0,Whitefish Bay,ONTARIO,33A,,3091.0,WHITEFISH BAY INDIAN RESERVE NO. 33A,33A,ON,6273,https://clss.nrcan-rncan.gc.ca/mb-nc/en/index.html?can=6273
T1,1.0,Northwest Angle,ONTARIO,33B,,3299.0,NORTHWEST ANGLE INDIAN RESERVE NO. 33B,33B,ON,6272,https://clss.nrcan-rncan.gc.ca/mb-nc/en/index.html?can=6272
T1,1.0,Lake of the Woods,ONTARIO,34,,641.0,LAKE OF THE WOODS INDIAN RESERVE NO. 34,34,ON,6275,https://clss.nrcan-rncan.gc.ca/mb-nc/en/index.html?can=6275
T1,1.0,Whitefish Bay,ONTARIO,34A,,1529.2,WHITEFISH BAY INDIAN RESERVE NO. 34A,34A,ON,6283,https://clss.nrcan-rncan.gc.ca/mb-nc/en/index.html?can=6283
T4,1.0,"Shoal Lake, 1st Part",ONTARIO,34B,,640.0,SHOAL LAKE INDIAN RESERVE NO. 31J,31J,ON,6239,https://clss.nrcan-rncan.gc.ca/mb-nc/en/index.html?can=6239
T4,1.0,"Shoal Lake, 2nd Part",ONTARIO,34B,,426.0,SHOAL LAKE INDIAN RESERVE NO. 31J,31J,ON,6239,https://clss.nrcan-rncan.gc.ca/mb-nc/en/index.html?can=6239
T3,1.0,Northwest Angle,ONTARIO,34C,,1261.8,NORTHWEST ANGLE INDIAN RESERVE NO. 33B,33B,ON,6272,https://clss.nrcan-rncan.gc.ca/mb-nc/en/index.html?can=6272
T3,1.0,Northwest Angle,ONTARIO,34C,,750.0,NORTHWEST ANGLE INDIAN RESERVE NO. 33B,33B,ON,6272,https://clss.nrcan-rncan.gc.ca/mb-nc/en/index.html?can=6272
T1,1.0,Naongashing,ONTARIO,35A,,1280.0,NAONGASHING INDIAN RESERVE NO. 35A,35A,ON,6228,https://clss.nrcan-rncan.gc.ca/mb-nc/en/index.html?can=6228
T1,1.0,Obabikong,ONTARIO,35B,,1760.0,OBABIKONG INDIAN RESERVE NO. 35B,35B,ON,6229,https://clss.nrcan-rncan.gc.ca/mb-nc/en/index.html?can=6229
T1,1.0,Sabaskong,ONTARIO,35C,,1920.0,SABASKONG BAY INDIAN RESERVE NO. 35C,35C,ON,6250,https://clss.nrcan-rncan.gc.ca/mb-nc/en/index.html?can=6250
T1,1.0,Sabaskong,ONTARIO,35D,,1280.0,SABASKONG BAY INDIAN RESERVE NO. 35D,35D,ON,6251,https://clss.nrcan-rncan.gc.ca/mb-nc/en/index.html?can=6251
T1,1.0,Sabaskong Bay,ONTARIO,35F,,1280.0,SABASKONG BAY INDIAN RESERVE NO. 35F,35F,ON,6252,https://clss.nrcan-rncan.gc.ca/mb-nc/en/index.html?can=6252
T1,0.929,Big Grass River,ONTARIO,35G,,8960.0,BIG GRASSY RIVER INDIAN RESERVE NO. 35G,35G,ON,6226,https://clss.nrcan-rncan.gc.ca/mb-nc/en/index.html?can=6226
T1,1.0,Sabaskong Bay,ONTARIO,35H,,640.0,SABASKONG BAY INDIAN RESERVE NO. 35H,35H,ON,6253,https://clss.nrcan-rncan.gc.ca/mb-nc/en/index.html?can=6253
T1,1.0,Lake of the Woods,ONTARIO,35J,,3481.6,LAKE OF THE WOODS INDIAN RESERVE NO. 35J,35J,ON,6227,https://clss.nrcan-rncan.gc.ca/mb-nc/en/index.html?can=6227
T1,1.0,Big Island,ONTARIO,37,,1946.0,BIG ISLAND INDIAN RESERVE NO. 37,37,ON,6274,https://clss.nrcan-rncan.gc.ca/mb-nc/en/index.html?can=6274
T2,0.111,Shoal Lake,ONTARIO,37A,,1920.0,SUGAR ISLAND INDIAN RESERVE NO. 37A,37A,ON,6212,https://clss.nrcan-rncan.gc.ca/mb-nc/en/index.html?can=6212
T2,0.133,Northwest Angle (approx.),ONTARIO,37B,,840.0,LAKE OF THE WOODS INDIAN RESERVE NO. 37B,37B,ON,6277,https://clss.nrcan-rncan.gc.ca/mb-nc/en/index.html?can=6277
T1,1.0,Lake of the Woods,ONTARIO,37B,,262.0,LAKE OF THE WOODS INDIAN RESERVE NO. 37B,37B,ON,6277,https://clss.nrcan-rncan.gc.ca/mb-nc/en/index.html?can=6277
T4,1.0,Northwest Angle River,ONTARIO,37C,,690.0,NORTHWEST ANGLE INDIAN RESERVE NO. 33B,33B,ON,6272,https://clss.nrcan-rncan.gc.ca/mb-nc/en/index.html?can=6272
T1,1.0,Near Rat Portage,ONTARIO,38A,,8000.0,RAT PORTAGE INDIAN RESERVE NO. 38A,38A,ON,6271,https://clss.nrcan-rncan.gc.ca/mb-nc/en/index.html?can=6271
T2,0.4,Near Rat Portage,ONTARIO,38B,,5289.9,KENORA INDIAN RESERVE NO. 38B,38B,ON,6284,https://clss.nrcan-rncan.gc.ca/mb-nc/en/index.html?can=6284
T1,1.0,"The Dalles, near Rat Portage",ONTARIO,38C,,8064.0,THE DALLES INDIAN RESERVE NO. 38C,38C,ON,6265,https://clss.nrcan-rncan.gc.ca/mb-nc/en/index.html?can=6265
T4,1.0,West Shore Shoal Lake,ONTARIO,39,,1031.0,SHOAL LAKE INDIAN RESERVE NO. 31J,31J,ON,6239,https://clss.nrcan-rncan.gc.ca/mb-nc/en/index.html?can=6239
T4,1.0,Northwest Shore Shoal Lake,ONTARIO,39,,8415.0,SHOAL LAKE INDIAN RESERVE NO. 31J,31J,ON,6239,https://clss.nrcan-rncan.gc.ca/mb-nc/en/index.html?can=6239
T2,0.0,Northwest Shore Shoal Lake,ONTARIO,40,,6759.0,SIX NATIONS INDIAN RESERVE NO. 40,40,ON,6225,https://clss.nrcan-rncan.gc.ca/mb-nc/en/index.html?can=6225
T4,1.0,Islands in Shoal Lake,ONTARIO,39,,,SHOAL LAKE INDIAN RESERVE NO. 31J,31J,ON,6239,https://clss.nrcan-rncan.gc.ca/mb-nc/en/index.html?can=6239
T2,0.0,Islands in Shoal Lake,ONTARIO,40,,,SIX NATIONS INDIAN RESERVE NO. 40,40,ON,6225,https://clss.nrcan-rncan.gc.ca/mb-nc/en/index.html?can=6225
T4,1.0,St. Peters,MANITOBA AND THE NORTHWEST TERRITORIES,1,,80.0,ST. PETERS FISHING STATION 1A,1A,MB,6375,https://clss.nrcan-rncan.gc.ca/mb-nc/en/index.html?can=6375
T1,1.0,Roseau River,MANITOBA AND THE NORTHWEST TERRITORIES,2,,20.86,ROSEAU RIVER 2,2,MB,6382,https://clss.nrcan-rncan.gc.ca/mb-nc/en/index.html?can=6382
T1,1.0,Roseau Rapids,MANITOBA AND THE NORTHWEST TERRITORIES,2A,,1.25,ROSEAU RAPIDS 2A,2A,MB,6381,https://clss.nrcan-rncan.gc.ca/mb-nc/en/index.html?can=6381
T1,1.0,Fort Alexander,MANITOBA AND THE NORTHWEST TERRITORIES,3,,31.84,FORT ALEXANDER 3,3,MB,6362,https://clss.nrcan-rncan.gc.ca/mb-nc/en/index.html?can=6362
T1,1.0,Brokenhead River,MANITOBA AND THE NORTHWEST TERRITORIES,4,,21.9,BROKENHEAD 4,4,MB,6361,https://clss.nrcan-rncan.gc.ca/mb-nc/en/index.html?can=6361
T1,1.0,"Sandy Bay, Lake Manitoba",MANITOBA AND THE NORTHWEST TERRITORIES,5,,19.0,SANDY BAY 5,5,MB,6397,https://clss.nrcan-rncan.gc.ca/mb-nc/en/index.html?can=6397
T1,1.0,"Long Plain, Assiniboine River",MANITOBA AND THE NORTHWEST TERRITORIES,6,,16.9,LONG PLAIN 6,6,MB,6405,https://clss.nrcan-rncan.gc.ca/mb-nc/en/index.html?can=6405
T1,1.0,"Swan Lake, not surveyed",MANITOBA AND THE NORTHWEST TERRITORIES,7,,15.06,SWAN LAKE 7,7,MB,6412,https://clss.nrcan-rncan.gc.ca/mb-nc/en/index.html?can=6412
T1,1.0,"Big Jackhead, Lake Winnipeg",MANITOBA AND THE NORTHWEST TERRITORIES,43,,4.2,JACKHEAD 43,43,MB,6371,https://clss.nrcan-rncan.gc.ca/mb-nc/en/index.html?can=6371
T1,1.0,"Fisher River, Lake Manitoba",MANITOBA AND THE NORTHWEST TERRITORIES,44,,21.0,FISHER RIVER 44,44,MB,6364,https://clss.nrcan-rncan.gc.ca/mb-nc/en/index.html?can=6364
T1,1.0,Waterhen River,MANITOBA AND THE NORTHWEST TERRITORIES,45,,7.2,WATERHEN 45,45,MB,6395,https://clss.nrcan-rncan.gc.ca/mb-nc/en/index.html?can=6395
T1,1.0,Dog Creek,MANITOBA AND THE NORTHWEST TERRITORIES,46,,14.8,DOG CREEK 46,46,MB,6378,https://clss.nrcan-rncan.gc.ca/mb-nc/en/index.html?can=6378
T2,0.222,"Sandy Bay, Lake St. Martin",MANITOBA AND THE NORTHWEST TERRITORIES,48,,5.0,LITTLE SASKATCHEWAN 48,48,MB,6383,https://clss.nrcan-rncan.gc.ca/mb-nc/en/index.html?can=6383
T1,1.0,"The Narrows, Lake St. Martin",MANITOBA AND THE NORTHWEST TERRITORIES,49,,6.3,THE NARROWS 49,49,MB,6385,https://clss.nrcan-rncan.gc.ca/mb-nc/en/index.html?can=6385
T1,1.0,"Fairford, Lakes St. Martin and Manitoba",MANITOBA AND THE NORTHWEST TERRITORIES,50,,18.3,FAIRFORD 50,50,MB,6379,https://clss.nrcan-rncan.gc.ca/mb-nc/en/index.html?can=6379
T1,1.0,"Crane River, Lake Manitoba",MANITOBA AND THE NORTHWEST TERRITORIES,51,,12.4,CRANE RIVER 51,51,MB,6393,https://clss.nrcan-rncan.gc.ca/mb-nc/en/index.html?can=6393
T1,1.0,Ebb and Flow Lake Manitoba,MANITOBA AND THE NORTHWEST TERRITORIES,52,,16.9,EBB AND FLOW 52,52,MB,6394,https://clss.nrcan-rncan.gc.ca/mb-nc/en/index.html?can=6394
T1,1.0,"Birdtail Creek, Assiniboine River",MANITOBA AND THE NORTHWEST TERRITORIES,57,,10.75,BIRDTAIL CREEK 57,57,MB,6398,https://clss.nrcan-rncan.gc.ca/mb-nc/en/index.html?can=6398
T4,1.0,"Oak River, Assiniboine River",MANITOBA AND THE NORTHWEST TERRITORIES,58,,15.2,ASSINIBOINE I.R. 76,76,SK,6563,https://clss.nrcan-rncan.gc.ca/mb-nc/en/index.html?can=6563
T2,0.167,Riding Mountain House,MANITOBA AND THE NORTHWEST TERRITORIES,61,,8.75,KEESEEKOOWENIN 61,61,MB,6404,https://clss.nrcan-rncan.gc.ca/mb-nc/en/index.html?can=6404
T1,1.0,Clear or Clearwater Lake,MANITOBA AND THE NORTHWEST TERRITORIES,61A,,1.15,CLEAR LAKE 61A,61A,MB,99,https://clss.nrcan-rncan.gc.ca/mb-nc/en/index.html?can=99
T1,1.0,"Fishing station, sec. 24, 20, 20 W.I.M.",MANITOBA AND THE NORTHWEST TERRITORIES,62A,,0.49,FISHING STATION 62A,62A,MB,6400,https://clss.nrcan-rncan.gc.ca/mb-nc/en/index.html?can=6400
T1,1.0,The Gambler,MANITOBA AND THE NORTHWEST TERRITORIES,63,,1.21,GAMBLER 63,63,MB,6401,https://clss.nrcan-rncan.gc.ca/mb-nc/en/index.html?can=6401
T1,1.0,Rolling River,MANITOBA AND THE NORTHWEST TERRITORIES,67,,20.0,ROLLING RIVER 67,67,MB,6410,https://clss.nrcan-rncan.gc.ca/mb-nc/en/index.html?can=6410
T2,0.684,"Moose Mountain, Pheasant Rump",MANITOBA AND THE NORTHWEST TERRITORIES,68,,,PHEASANT RUMP NAKOTA BAND I.R. 68,68,SK,131,https://clss.nrcan-rncan.gc.ca/mb-nc/en/index.html?can=131
T1,1.0,"Moose Mountain, Ocean Man",MANITOBA AND THE NORTHWEST TERRITORIES,69,,,OCEAN MAN I.R. 69,69,SK,132,https://clss.nrcan-rncan.gc.ca/mb-nc/en/index.html?can=132
T1,1.0,"Moose Mountain, White Bear",MANITOBA AND THE NORTHWEST TERRITORIES,70,,44.9,WHITE BEAR I.R. 70,70,SK,6549,https://clss.nrcan-rncan.gc.ca/mb-nc/en/index.html?can=6549
T1,1.0,Gabriel Côté,MANITOBA AND THE NORTHWEST TERRITORIES,64,,56.5,COTE I.R. 64,64,SK,6550,https://clss.nrcan-rncan.gc.ca/mb-nc/en/index.html?can=6550
T1,1.0,The Key,MANITOBA AND THE NORTHWEST TERRITORIES,65,,38.0,THE KEY I.R. 65,65,SK,6553,https://clss.nrcan-rncan.gc.ca/mb-nc/en/index.html?can=6553
T1,1.0,"Dawson Bay, Mouth of Shoal River.",MANITOBA AND THE NORTHWEST TERRITORIES,65A,,1.5,SHOAL RIVER 65A,65A,MB,6438,https://clss.nrcan-rncan.gc.ca/mb-nc/en/index.html?can=6438
T2,0.1,"Dawson Bay, Steep Rock Point",MANITOBA AND THE NORTHWEST TERRITORIES,65B,,3.55,SHOAL RIVER 65B,65B,MB,6439,https://clss.nrcan-rncan.gc.ca/mb-nc/en/index.html?can=6439
T1,1.0,"Swan Lake, Woody and Birch Rivers",MANITOBA AND THE NORTHWEST TERRITORIES,65C,,3.03,SWAN LAKE 65C,65C,MB,6442,https://clss.nrcan-rncan.gc.ca/mb-nc/en/index.html?can=6442
T1,1.0,Keeseekoose,MANITOBA AND THE NORTHWEST TERRITORIES,66,,28.6,KEESEEKOOSE I.R. 66,66,SK,6551,https://clss.nrcan-rncan.gc.ca/mb-nc/en/index.html?can=6551
T2,0.111,Kakeesheway (Round Lake),MANITOBA AND THE NORTHWEST TERRITORIES,71,,82.6,OCHAPOWACE I.R. 71,71,SK,6545,https://clss.nrcan-rncan.gc.ca/mb-nc/en/index.html?can=6545
T1,0.909,Kakewistahaw,MANITOBA AND THE NORTHWEST TERRITORIES,72,,73.0,KAHKEWISTAHAW I.R. 72,72,SK,6544,https://clss.nrcan-rncan.gc.ca/mb-nc/en/index.html?can=6544
T1,1.0,Cowessess,MANITOBA AND THE NORTHWEST TERRITORIES,73,,78.0,COWESSESS INDIAN RESERVE NO. 73,73,SK,6543,https://clss.nrcan-rncan.gc.ca/mb-nc/en/index.html?can=6543
T2,0.0,Little Bone,MANITOBA AND THE NORTHWEST TERRITORIES,73A,,10.9,COWESSESS I.R. 73A,73A,SK,9410,https://clss.nrcan-rncan.gc.ca/mb-nc/en/index.html?can=9410
T1,1.0,Sakimay,MANITOBA AND THE NORTHWEST TERRITORIES,74,,33.9,SAKIMAY I.R. 74,74,SK,6546,https://clss.nrcan-rncan.gc.ca/mb-nc/en/index.html?can=6546
T1,1.0,Shesheep,MANITOBA AND THE NORTHWEST TERRITORIES,74A,,5.6,SHESHEEP I.R. 74A,74A,SK,6547,https://clss.nrcan-rncan.gc.ca/mb-nc/en/index.html?can=6547
T1,1.0,Piapot,MANITOBA AND THE NORTHWEST TERRITORIES,75,,53.98,PIAPOT INDIAN RESERVE NO. 75,75,SK,6571,https://clss.nrcan-rncan.gc.ca/mb-nc/en/index.html?can=6571
T2,0.0,'Carry the Kettle' or 'The man who-took-the-Coat',MANITOBA AND THE NORTHWEST TERRITORIES,76,,73.21,ASSINIBOINE I.R. 76,76,SK,6563,https://clss.nrcan-rncan.gc.ca/mb-nc/en/index.html?can=6563
T1,1.0,Standing Buffalo,MANITOBA AND THE NORTHWEST TERRITORIES,78,,7.6,STANDING BUFFALO I.R. 78,78,SK,6572,https://clss.nrcan-rncan.gc.ca/mb-nc/en/index.html?can=6572
T1,1.0,Pasquah Fishing Lakes,MANITOBA AND THE NORTHWEST TERRITORIES,79,,60.15,PASQUA INDIAN RESERVE NO. 79,79,SK,6569,https://clss.nrcan-rncan.gc.ca/mb-nc/en/index.html?can=6569
T1,1.0,Muscowpetung,MANITOBA AND THE NORTHWEST TERRITORIES,80,,59.5,MUSCOWPETUNG I.R. 80,80,SK,6566,https://clss.nrcan-rncan.gc.ca/mb-nc/en/index.html?can=6566
T2,0.5,Fishing Grounds at Long Lake,MANITOBA AND THE NORTHWEST TERRITORIES,80A,,2.23,LAST MOUNTAIN LAKE I.R. 80A,80A,SK,6622,https://clss.nrcan-rncan.gc.ca/mb-nc/en/index.html?can=6622
T4,1.0,"Hay lands, Muscowpetung and others",MANITOBA AND THE NORTHWEST TERRITORIES,80B,,0.72,MUSCOWPETUNG I.R. 80,80,SK,6566,https://clss.nrcan-rncan.gc.ca/mb-nc/en/index.html?can=6566
T2,0.857,Peepeekeesis,MANITOBA AND THE NORTHWEST TERRITORIES,81,,41.6,PEEPEEKISIS I.R. 81,81,SK,6570,https://clss.nrcan-rncan.gc.ca/mb-nc/en/index.html?can=6570
T2,0.667,Okanase,MANITOBA AND THE NORTHWEST TERRITORIES,82,,22.36,OKANESE I.R. 82,82,SK,6568,https://clss.nrcan-rncan.gc.ca/mb-nc/en/index.html?can=6568
T2,0.7,StarBlauket,MANITOBA AND THE NORTHWEST TERRITORIES,83,,21.5,STAR BLANKET I.R. 83,83,SK,6573,https://clss.nrcan-rncan.gc.ca/mb-nc/en/index.html?can=6573
T1,1.0,Little Black Bear,MANITOBA AND THE NORTHWEST TERRITORIES,84,,46.5,LITTLE BLACK BEAR I.R. 84,84,SK,6564,https://clss.nrcan-rncan.gc.ca/mb-nc/en/index.html?can=6564
T2,0.5,Muscowequan,MANITOBA AND THE NORTHWEST TERRITORIES,85,,36.0,MUSKOWEKWAN I.R. 85,85,SK,6579,https://clss.nrcan-rncan.gc.ca/mb-nc/en/index.html?can=6579
T3,1.0,George Gordon,MANITOBA AND THE NORTHWEST TERRITORIES,86,,48.0,GEORGE GORDON FIRST NATION NO. 86,86,SK,10050,https://clss.nrcan-rncan.gc.ca/mb-nc/en/index.html?can=10050
T1,1.0,Day Star,MANITOBA AND THE NORTHWEST TERRITORIES,87,,24.0,DAY STAR I.R. 87,87,SK,6575,https://clss.nrcan-rncan.gc.ca/mb-nc/en/index.html?can=6575
T2,0.0,Yellow Quill,MANITOBA AND THE NORTHWEST TERRITORIES,89,,34.5,FISHING LAKE FIRST NATION INDIAN RESERVE NO. 89,89,SK,6576,https://clss.nrcan-rncan.gc.ca/mb-nc/en/index.html?can=6576
T1,1.0,Yellow Quill,MANITOBA AND THE NORTHWEST TERRITORIES,90,,16.17,YELLOW QUILL I.R. 90,90,SK,6560,https://clss.nrcan-rncan.gc.ca/mb-nc/en/index.html?can=6560
T1,1.0,Black River,MANITOBA AND THE NORTHWEST TERRITORIES,9,,3.1,BLACK RIVER 9,9,MB,6360,https://clss.nrcan-rncan.gc.ca/mb-nc/en/index.html?can=6360
T1,0.882,Hole or Hollowwater River,MANITOBA AND THE NORTHWEST TERRITORIES,10,,5.2,HOLE OR HOLLOW WATER NO. 10,10,MB,6363,https://clss.nrcan-rncan.gc.ca/mb-nc/en/index.html?can=6363
T1,0.875,Blood Vein River,MANITOBA AND THE NORTHWEST TERRITORIES,12,,5.2,BLOODVEIN 12,12,MB,6370,https://clss.nrcan-rncan.gc.ca/mb-nc/en/index.html?can=6370
T1,1.0,Berens River,MANITOBA AND THE NORTHWEST TERRITORIES,13,,11.5,BERENS RIVER 13,13,MB,6368,https://clss.nrcan-rncan.gc.ca/mb-nc/en/index.html?can=6368
T1,1.0,"Little Grand Rapids, Berens River",MANITOBA AND THE NORTHWEST TERRITORIES,14,,8.75,LITTLE GRAND RAPIDS 14,14,MB,6376,https://clss.nrcan-rncan.gc.ca/mb-nc/en/index.html?can=6376
T1,1.0,Poplar River,MANITOBA AND THE NORTHWEST TERRITORIES,16,,5.9,POPLAR RIVER 16,16,MB,6391,https://clss.nrcan-rncan.gc.ca/mb-nc/en/index.html?can=6391
T1,1.0,Norway House,MANITOBA AND THE NORTHWEST TERRITORIES,17,,16.7,NORWAY HOUSE 17,17,MB,6392,https://clss.nrcan-rncan.gc.ca/mb-nc/en/index.html?can=6392
T1,1.0,Cross Lake,MANITOBA AND THE NORTHWEST TERRITORIES,19,,10.9,CROSS LAKE 19,19,MB,6387,https://clss.nrcan-rncan.gc.ca/mb-nc/en/index.html?can=6387
T1,1.0,Cumberland House,MANITOBA AND THE NORTHWEST TERRITORIES,20,,10.0,CUMBERLAND HOUSE CREE NATION I.R. 20,20,SK,6495,https://clss.nrcan-rncan.gc.ca/mb-nc/en/index.html?can=6495
T2,0.0,Indian Pear Island.,MANITOBA AND THE NORTHWEST TERRITORIES,21A,,2.0,OPASKWAYAK CREE NATION 21A,21A,MB,6423,https://clss.nrcan-rncan.gc.ca/mb-nc/en/index.html?can=6423
T1,1.0,Shoal Lake,MANITOBA AND THE NORTHWEST TERRITORIES,28A,,3.5,SHOAL LAKE I.R. 28A,28A,SK,6535,https://clss.nrcan-rncan.gc.ca/mb-nc/en/index.html?can=6535
T1,1.0,Near Red Earth,MANITOBA AND THE NORTHWEST TERRITORIES,29,,4.23,RED EARTH I.R. 29,29,SK,6534,https://clss.nrcan-rncan.gc.ca/mb-nc/en/index.html?can=6534
T2,0.125,Red Earth,MANITOBA AND THE NORTHWEST TERRITORIES,29A,,3.19,CARROT RIVER I.R. 29A,29A,SK,6533,https://clss.nrcan-rncan.gc.ca/mb-nc/en/index.html?can=6533
T1,1.0,Moose Lake,MANITOBA AND THE NORTHWEST TERRITORIES,31A,,0.7,MOOSE LAKE 31A,31A,MB,6415,https://clss.nrcan-rncan.gc.ca/mb-nc/en/index.html?can=6415
T1,1.0,Moose Lake,MANITOBA AND THE NORTHWEST TERRITORIES,31C,,4.4,MOOSE LAKE 31C,31C,MB,6418,https://clss.nrcan-rncan.gc.ca/mb-nc/en/index.html?can=6418
T1,1.0,Moose Lake,MANITOBA AND THE NORTHWEST TERRITORIES,31D,,4.27,MOOSE LAKE 31D,31D,MB,6445,https://clss.nrcan-rncan.gc.ca/mb-nc/en/index.html?can=6445
T1,1.0,"Grand Rapids, Saskatchewan River",MANITOBA AND THE NORTHWEST TERRITORIES,33,,7.26,GRAND RAPIDS 33,33,MB,6436,https://clss.nrcan-rncan.gc.ca/mb-nc/en/index.html?can=6436
T1,1.0,Kinistino,MANITOBA AND THE NORTHWEST TERRITORIES,91,,15.06,KINISTIN I.R. 91,91,SK,6561,https://clss.nrcan-rncan.gc.ca/mb-nc/en/index.html?can=6561
T2,0.857,'Moose Woods' Chief White Cap.,MANITOBA AND THE NORTHWEST TERRITORIES,94,,5.8,WHITECAP I.R. 94,94,SK,6556,https://clss.nrcan-rncan.gc.ca/mb-nc/en/index.html?can=6556
T2,0.857,Wahspaton,MANITOBA AND THE NORTHWEST TERRITORIES,94A,,3.75,WAHPATON I.R. 94A,94A,SK,6536,https://clss.nrcan-rncan.gc.ca/mb-nc/en/index.html?can=6536
T1,1.0,One Arrow,MANITOBA AND THE NORTHWEST TERRITORIES,95,,16.0,ONE ARROW I.R. 95,95,SK,6557,https://clss.nrcan-rncan.gc.ca/mb-nc/en/index.html?can=6557
T2,0.684,Okemassis and Beardy,MANITOBA AND THE NORTHWEST TERRITORIES,96,,44.0,BEARDY'S I.R. 97 & OKEMASIS I.R. 96,96,SK,6554,https://clss.nrcan-rncan.gc.ca/mb-nc/en/index.html?can=6554
T1,1.0,Muskoday or John Smith,MANITOBA AND THE NORTHWEST TERRITORIES,99,,37.4,MUSKODAY FIRST NATION I.R. 99,99,SK,6555,https://clss.nrcan-rncan.gc.ca/mb-nc/en/index.html?can=6555
T1,1.0,James Smith or Fort à la Corne,MANITOBA AND THE NORTHWEST TERRITORIES,100,,27.8,JAMES SMITH I.R. 100,100,SK,6500,https://clss.nrcan-rncan.gc.ca/mb-nc/en/index.html?can=6500
T1,1.0,Carrot River for Cumberland Indians,MANITOBA AND THE NORTHWEST TERRITORIES,100A,,65.0,CUMBERLAND I.R. 100A,100A,SK,6499,https://clss.nrcan-rncan.gc.ca/mb-nc/en/index.html?can=6499
T1,1.0,Sturgeon Lake,MANITOBA AND THE NORTHWEST TERRITORIES,101,,34.4,STURGEON LAKE I.R. 101,101,SK,6541,https://clss.nrcan-rncan.gc.ca/mb-nc/en/index.html?can=6541
T1,1.0,Paddling or Muskeg Lake,MANITOBA AND THE NORTHWEST TERRITORIES,102,,42.0,MUSKEG LAKE I.R. 102,102,SK,6559,https://clss.nrcan-rncan.gc.ca/mb-nc/en/index.html?can=6559
T1,1.0,Mistawasis,MANITOBA AND THE NORTHWEST TERRITORIES,103,,77.0,MISTAWASIS I.R. 103,103,SK,6558,https://clss.nrcan-rncan.gc.ca/mb-nc/en/index.html?can=6558
T1,1.0,Ahtahkakoop's,MANITOBA AND THE NORTHWEST TERRITORIES,104,,67.17,AHTAHKAKOOP I.R. 104,104,SK,6610,https://clss.nrcan-rncan.gc.ca/mb-nc/en/index.html?can=6610
T1,1.0,Flying Dust,MANITOBA AND THE NORTHWEST TERRITORIES,105,,14.0,FLYING DUST FIRST NATION INDIAN RESERVE NO. 105,105,SK,6584,https://clss.nrcan-rncan.gc.ca/mb-nc/en/index.html?can=6584
T1,1.0,Montreal Lake (Wm. Charles),MANITOBA AND THE NORTHWEST TERRITORIES,106,,23.0,MONTREAL LAKE I.R. 106,106,SK,6523,https://clss.nrcan-rncan.gc.ca/mb-nc/en/index.html?can=6523
T4,1.0,Wm. Charles and James Roberts,MANITOBA AND THE NORTHWEST TERRITORIES,106A,,56.5,HART INDIAN RESERVE,,MB,9868,https://clss.nrcan-rncan.gc.ca/mb-nc/en/index.html?can=9868
T1,1.0,Red Pheasant,MANITOBA AND THE NORTHWEST TERRITORIES,108,,38.0,RED PHEASANT I.R. 108,108,SK,6485,https://clss.nrcan-rncan.gc.ca/mb-nc/en/index.html?can=6485
T2,0.714,Musquito,MANITOBA AND THE NORTHWEST TERRITORIES,109,,36.0,MOSQUITO I.R. 109,109,SK,6481,https://clss.nrcan-rncan.gc.ca/mb-nc/en/index.html?can=6481
T2,0.0,Hay lands for Bands 112 and 115,MANITOBA AND THE NORTHWEST TERRITORIES,112A,,2.0,MOOSOMIN I.R. 112A,112A,SK,6476,https://clss.nrcan-rncan.gc.ca/mb-nc/en/index.html?can=6476
T1,0.889,Sweet Grass,MANITOBA AND THE NORTHWEST TERRITORIES,113,,61.13,SWEETGRASS I.R. 113,113,SK,6488,https://clss.nrcan-rncan.gc.ca/mb-nc/en/index.html?can=6488
T2,0.0,Strike-him-on-the-Back,MANITOBA AND THE NORTHWEST TERRITORIES,113A,,3.32,SWEETGRASS I.R. 113A,113A,SK,6489,https://clss.nrcan-rncan.gc.ca/mb-nc/en/index.html?can=6489
T2,0.0,Hay lands for 113 and 113A,MANITOBA AND THE NORTHWEST TERRITORIES,113B,,2.0,SWEETGRASS I.R. 113B,113B,SK,6490,https://clss.nrcan-rncan.gc.ca/mb-nc/en/index.html?can=6490
T1,1.0,Poundmaker,MANITOBA AND THE NORTHWEST TERRITORIES,114,,30.0,POUNDMAKER I.R. 114,114,SK,6484,https://clss.nrcan-rncan.gc.ca/mb-nc/en/index.html?can=6484
T1,1.0,'Little Pine' and 'Lucky Man',MANITOBA AND THE NORTHWEST TERRITORIES,116,,25.0,LITTLE PINE INDIAN RESERVE NO. 116,116,SK,6475,https://clss.nrcan-rncan.gc.ca/mb-nc/en/index.html?can=6475
T2,0.0,Kenemotayoo reserve,MANITOBA AND THE NORTHWEST TERRITORIES,118,,46.35,BIG RIVER I.R. 118,118,SK,6607,https://clss.nrcan-rncan.gc.ca/mb-nc/en/index.html?can=6607
T1,1.0,Seekaskootch,MANITOBA AND THE NORTHWEST TERRITORIES,119,,60.0,SEEKASKOOTCH INDIAN RESERVE NO. 119,119,SK,6483,https://clss.nrcan-rncan.gc.ca/mb-nc/en/index.html?can=6483
T1,1.0,Makaoos,MANITOBA AND THE NORTHWEST TERRITORIES,120,,22.0,MAKAOO I.R. 120,120,AB,6482,https://clss.nrcan-rncan.gc.ca/mb-nc/en/index.html?can=6482
T2,0.222,Ooneepowhayoos,MANITOBA AND THE NORTHWEST TERRITORIES,121,,33.0,UNIPOUHEOS 121,121,AB,6715,https://clss.nrcan-rncan.gc.ca/mb-nc/en/index.html?can=6715
T2,0.636,Puskeeahkeewenin,MANITOBA AND THE NORTHWEST TERRITORIES,122,,40.0,PUSKIAKIWENIN 122,122,AB,6716,https://clss.nrcan-rncan.gc.ca/mb-nc/en/index.html?can=6716
T1,1.0,Keheewin,MANITOBA AND THE NORTHWEST TERRITORIES,123,,28.0,KEHEWIN 123,123,AB,6717,https://clss.nrcan-rncan.gc.ca/mb-nc/en/index.html?can=6717
T2,0.4,"Pakan, Little Hunter and Blue Quill",MANITOBA AND THE NORTHWEST TERRITORIES,125,,115.0,SADDLE LAKE 125,125,AB,6702,https://clss.nrcan-rncan.gc.ca/mb-nc/en/index.html?can=6702
T4,0.9,Blue Quill (included in 125),MANITOBA AND THE NORTHWEST TERRITORIES,127,,,BLUE QUILLS FIRST NATION INDIAN RESERVE,,AB,9138,https://clss.nrcan-rncan.gc.ca/mb-nc/en/index.html?can=9138
T2,0.071,"Pakan, Jas. Seenum",MANITOBA AND THE NORTHWEST TERRITORIES,128,,17.5,WHITE FISH LAKE 128,128,AB,6703,https://clss.nrcan-rncan.gc.ca/mb-nc/en/index.html?can=6703
T1,1.0,Alexis,MANITOBA AND THE NORTHWEST TERRITORIES,133,,23.0,ALEXIS 133,133,AB,6649,https://clss.nrcan-rncan.gc.ca/mb-nc/en/index.html?can=6649
T2,0.0,White Whale Lake,MANITOBA AND THE NORTHWEST TERRITORIES,133A,,32.7,WABAMUN 133A,133A,AB,6653,https://clss.nrcan-rncan.gc.ca/mb-nc/en/index.html?can=6653
T1,1.0,Alexander,MANITOBA AND THE NORTHWEST TERRITORIES,134,,41.0,ALEXANDER 134,134,AB,6650,https://clss.nrcan-rncan.gc.ca/mb-nc/en/index.html?can=6650
T2,0.444,Stony Plain (Tommy la Potac or Enoch),MANITOBA AND THE NORTHWEST TERRITORIES,135,,30.29,ENOCH CREE NATION NO. 135,135,AB,6652,https://clss.nrcan-rncan.gc.ca/mb-nc/en/index.html?can=6652
T1,1.0,Samson,MANITOBA AND THE NORTHWEST TERRITORIES,137,,61.5,SAMSON 137,137,AB,6658,https://clss.nrcan-rncan.gc.ca/mb-nc/en/index.html?can=6658
T1,1.0,Ermineskin,MANITOBA AND THE NORTHWEST TERRITORIES,138,,61.5,ERMINESKIN 138,138,AB,6657,https://clss.nrcan-rncan.gc.ca/mb-nc/en/index.html?can=6657
T1,1.0,Pigeon Lake (Fishing reserve),MANITOBA AND THE NORTHWEST TERRITORIES,138A,,7.78,PIGEON LAKE 138A,138A,AB,6660,https://clss.nrcan-rncan.gc.ca/mb-nc/en/index.html?can=6660
T2,0.167,Bobtail's,MANITOBA AND THE NORTHWEST TERRITORIES,139,,31.5,MONTANA 139,139,AB,6656,https://clss.nrcan-rncan.gc.ca/mb-nc/en/index.html?can=6656
T2,0.364,Chiniquay (Stony),MANITOBA AND THE NORTHWEST TERRITORIES,144,,,"STONEY 142, 143, 144",144,AB,6642,https://clss.nrcan-rncan.gc.ca/mb-nc/en/index.html?can=6642
T2,0.0,Sarcee,MANITOBA AND THE NORTHWEST TERRITORIES,145,,108.0,TSUU T'INA NATION 145,145,AB,6639,https://clss.nrcan-rncan.gc.ca/mb-nc/en/index.html?can=6639
T2,0.0,Blackfoot,MANITOBA AND THE NORTHWEST TERRITORIES,146,,470.0,SIKSIKA INDIAN RESERVE NO. 146,146,AB,6636,https://clss.nrcan-rncan.gc.ca/mb-nc/en/index.html?can=6636
T4,1.0,Peigan,MANITOBA AND THE NORTHWEST TERRITORIES,147,,181.4,PEIGAN TIMBER LIMIT 147B,147B,AB,6648,https://clss.nrcan-rncan.gc.ca/mb-nc/en/index.html?can=6648
T1,1.0,Blood,MANITOBA AND THE NORTHWEST TERRITORIES,148,,546.76,BLOOD 148,148,AB,6645,https://clss.nrcan-rncan.gc.ca/mb-nc/en/index.html?can=6645
T4,0.889,Timber limit for 148 on Belly River,MANITOBA AND THE NORTHWEST TERRITORIES,,,6.5,AMBER RIVER 211,211,AB,6668,https://clss.nrcan-rncan.gc.ca/mb-nc/en/index.html?can=6668
T1,1.0,Blackwater,BRITISH COLUMBIA,1,Blackwater,35.0,BLACKWATER INDIAN RESERVE NO. 1,1,BC,40,https://clss.nrcan-rncan.gc.ca/mb-nc/en/index.html?can=40
T1,1.0,Nahlquonate,BRITISH COLUMBIA,2,Blackwater,217.0,NAHLQUONATE 2,2,BC,8294,https://clss.nrcan-rncan.gc.ca/mb-nc/en/index.html?can=8294
T1,1.0,Ulkah,BRITISH COLUMBIA,3,Blackwater,157.0,ULKAH INDIAN RESERVE NO. 3,3,BC,9972,https://clss.nrcan-rncan.gc.ca/mb-nc/en/index.html?can=9972
T1,1.0,Umliisle,BRITISH COLUMBIA,4,Blackwater,128.0,UMLIISLE INDIAN RESERVE NO. 4,4,BC,9979,https://clss.nrcan-rncan.gc.ca/mb-nc/en/index.html?can=9979
T3,1.0,Fort George,BRITISH COLUMBIA,1,Fort George,1366.0,FORT GEORGE 2,2,BC,7477,https://clss.nrcan-rncan.gc.ca/mb-nc/en/index.html?can=7477
T1,1.0,Clesbaoneecheck,BRITISH COLUMBIA,3,Fort George,304.0,CLESBAONEECHECK 3,3,BC,7478,https://clss.nrcan-rncan.gc.ca/mb-nc/en/index.html?can=7478
T1,1.0,Salaquo,BRITISH COLUMBIA,4,Fort George,115.0,SALAQUO 4,4,BC,7479,https://clss.nrcan-rncan.gc.ca/mb-nc/en/index.html?can=7479
T1,1.0,Nautley,BRITISH COLUMBIA,1,Fraser Lake,1117.0,NAUTLEY 1,1,BC,7469,https://clss.nrcan-rncan.gc.ca/mb-nc/en/index.html?can=7469
T1,1.0,Yensischuck,BRITISH COLUMBIA,3,Fraser Lake,160.0,YENSISCHUCK 3,3,BC,7471,https://clss.nrcan-rncan.gc.ca/mb-nc/en/index.html?can=7471
T1,1.0,Seaspunkut,BRITISH COLUMBIA,4,Fraser Lake,523.0,SEASPUNKUT 4,4,BC,7472,https://clss.nrcan-rncan.gc.ca/mb-nc/en/index.html?can=7472
T3,1.0,Stellaquo,BRITISH COLUMBIA,5,Fraser Lake,2077.0,STELLAQUO 1,1,BC,7527,https://clss.nrcan-rncan.gc.ca/mb-nc/en/index.html?can=7527
T1,1.0,Coryatsaqua,BRITISH COLUMBIA,2,,360.0,CORYATSAQUA 2,2,BC,6749,https://clss.nrcan-rncan.gc.ca/mb-nc/en/index.html?can=6749
T1,1.0,Oschawwinna,BRITISH COLUMBIA,3,Hagwilget,160.0,OSCHAWWINNA 3,3,BC,6750,https://clss.nrcan-rncan.gc.ca/mb-nc/en/index.html?can=6750
T1,1.0,Clotalairquot,BRITISH COLUMBIA,4,Hagwilget,198.0,CLOTALAIRQUOT 4,4,BC,7485,https://clss.nrcan-rncan.gc.ca/mb-nc/en/index.html?can=7485
T1,1.0,No-cut,BRITISH COLUMBIA,5,Hagwilget,197.0,NO-CUT 5,5,BC,7486,https://clss.nrcan-rncan.gc.ca/mb-nc/en/index.html?can=7486
T1,1.0,Babine,BRITISH COLUMBIA,6,Hagwilget,695.0,BABINE 6,6,BC,7487,https://clss.nrcan-rncan.gc.ca/mb-nc/en/index.html?can=7487
T1,1.0,Casdeded,BRITISH COLUMBIA,8,Hagwiglet,107.0,CASDEDED 8,8,BC,7489,https://clss.nrcan-rncan.gc.ca/mb-nc/en/index.html?can=7489
T1,1.0,Tsak,BRITISH COLUMBIA,9,Hagwilget,1520.0,TSAK 9,9,BC,7490,https://clss.nrcan-rncan.gc.ca/mb-nc/en/index.html?can=7490
T1,1.0,Ne-tsaw-greece,BRITISH COLUMBIA,10,Hagwilget,226.0,NE-TSAW-GREECE 10,10,BC,7491,https://clss.nrcan-rncan.gc.ca/mb-nc/en/index.html?can=7491
T1,1.0,Ksoo-gun-ya,BRITISH COLUMBIA,2A,Hazelton,369.0,KSOO-GUN-YA 2A,2A,BC,6756,https://clss.nrcan-rncan.gc.ca/mb-nc/en/index.html?can=6756
T1,1.0,Tsitsk,BRITISH COLUMBIA,3,Hazelton,443.0,TSITSK 3,3,BC,6757,https://clss.nrcan-rncan.gc.ca/mb-nc/en/index.html?can=6757
T1,1.0,Anlaw,BRITISH COLUMBIA,4,Hazelton,284.0,ANLAW 4,4,BC,6758,https://clss.nrcan-rncan.gc.ca/mb-nc/en/index.html?can=6758
T3,1.0,Kisgegas,BRITISH COLUMBIA,,Kisgegas,2415.0,KISGEGAS,,BC,6759,https://clss.nrcan-rncan.gc.ca/mb-nc/en/index.html?can=6759
T1,1.0,Sik-e-dakh,BRITISH COLUMBIA,2,Kispaiax,1266.0,SIK-E-DAKH 2,2,BC,6760,https://clss.nrcan-rncan.gc.ca/mb-nc/en/index.html?can=6760
T1,1.0,Agwedin,BRITISH COLUMBIA,3,Kispaiax,780.0,AGWEDIN 3,3,BC,6762,https://clss.nrcan-rncan.gc.ca/mb-nc/en/index.html?can=6762
T1,1.0,Squin-lix-stat,BRITISH COLUMBIA,3,Kitwangar,23.0,SQUIN-LIX-STAT 3,3,BC,9960,https://clss.nrcan-rncan.gc.ca/mb-nc/en/index.html?can=9960
T1,1.0,Kwa-tsa-lix,BRITISH COLUMBIA,4,Kitwangar,125.0,KWA-TSA-LIX 4,4,BC,6777,https://clss.nrcan-rncan.gc.ca/mb-nc/en/index.html?can=6777
T1,1.0,Tum-bah,BRITISH COLUMBIA,5,Kitwangar,147.0,TUM-BAH 5,5,BC,6778,https://clss.nrcan-rncan.gc.ca/mb-nc/en/index.html?can=6778
T1,1.0,Kits-ka-haws,BRITISH COLUMBIA,6,Kitwangar,100.0,KITS-KA-HAWS 6,6,BC,6779,https://clss.nrcan-rncan.gc.ca/mb-nc/en/index.html?can=6779
T1,1.0,Koonwats,BRITISH COLUMBIA,7,Kitwangar,185.0,KOONWATS 7,7,BC,6780,https://clss.nrcan-rncan.gc.ca/mb-nc/en/index.html?can=6780
T1,1.0,Chig-in-kaht,BRITISH COLUMBIA,8,Kitwangar,103.0,CHIG-IN-KAHT 8,8,BC,6781,https://clss.nrcan-rncan.gc.ca/mb-nc/en/index.html?can=6781
T1,1.0,Kuldoe,BRITISH COLUMBIA,1,Kuldoe,446.0,KULDOE 1,1,BC,6770,https://clss.nrcan-rncan.gc.ca/mb-nc/en/index.html?can=6770
T1,1.0,McLeod,BRITISH COLUMBIA,1,McLeod Lake,286.0,MCLEOD LAKE 1,1,BC,7480,https://clss.nrcan-rncan.gc.ca/mb-nc/en/index.html?can=7480
T4,1.0,Uz-ta,BRITISH COLUMBIA,4,Necoslie,960.0,IHCH'AZ UZ TA TSOH 44,44,BC,8488,https://clss.nrcan-rncan.gc.ca/mb-nc/en/index.html?can=8488
T1,1.0,Stony Creek,BRITISH COLUMBIA,1,Stony Creek,6916.0,STONY CREEK 1,1,BC,7528,https://clss.nrcan-rncan.gc.ca/mb-nc/en/index.html?can=7528
T1,1.0,Taché,BRITISH COLUMBIA,1,Taché,1655.0,TACHE 1,1,BC,7554,https://clss.nrcan-rncan.gc.ca/mb-nc/en/index.html?can=7554
T4,1.0,So-yan-do-star,BRITISH COLUMBIA,2,Trembleur Lake,44.0,YAN 7,7,BC,7670,https://clss.nrcan-rncan.gc.ca/mb-nc/en/index.html?can=7670
T1,1.0,Beecher Bay,BRITISH COLUMBIA,1,Beecher Bay,502.0,BECHER BAY 1,1,BC,6787,https://clss.nrcan-rncan.gc.ca/mb-nc/en/index.html?can=6787
T4,1.0,Wolf Island,BRITISH COLUMBIA,4,Beecher Bay,11.0,ISLAND 14A,14A,BC,7872,https://clss.nrcan-rncan.gc.ca/mb-nc/en/index.html?can=7872
T1,1.0,Lamb Island,BRITISH COLUMBIA,5,Beecher Bay,0.5,LAMB ISLAND 5,5,BC,6789,https://clss.nrcan-rncan.gc.ca/mb-nc/en/index.html?can=6789
T1,1.0,Fraser Island,BRITISH COLUMBIA,6,Beecher Bay,14.0,FRASER ISLAND 6,6,BC,6790,https://clss.nrcan-rncan.gc.ca/mb-nc/en/index.html?can=6790
T1,1.0,Village Island,BRITISH COLUMBIA,7,Beecher Bay,3.0,VILLAGE ISLAND 7,7,BC,6791,https://clss.nrcan-rncan.gc.ca/mb-nc/en/index.html?can=6791
T3,1.0,Island,BRITISH COLUMBIA,8,Beecher Bay,2.0,ISLAND 14A,14A,BC,7872,https://clss.nrcan-rncan.gc.ca/mb-nc/en/index.html?can=7872
T3,1.0,Island,BRITISH COLUMBIA,9,Beecher Bay,4.0,ISLAND 14A,14A,BC,7872,https://clss.nrcan-rncan.gc.ca/mb-nc/en/index.html?can=7872
T3,1.0,Island,BRITISH COLUMBIA,10,Beecher Bay,1.0,ISLAND 14A,14A,BC,7872,https://clss.nrcan-rncan.gc.ca/mb-nc/en/index.html?can=7872
T1,1.0,Halalt Island,BRITISH COLUMBIA,1,Chemainus Halalt band,140.0,HALALT ISLAND 1,1,BC,6809,https://clss.nrcan-rncan.gc.ca/mb-nc/en/index.html?can=6809
T1,1.0,Halalt,BRITISH COLUMBIA,2,Chemainus Halalt band,287.0,HALALT 2,2,BC,6810,https://clss.nrcan-rncan.gc.ca/mb-nc/en/index.html?can=6810
T1,1.0,Lyacksun,BRITISH COLUMBIA,3,Lyacksun band,1756.0,LYACKSUN 3,3,BC,6811,https://clss.nrcan-rncan.gc.ca/mb-nc/en/index.html?can=6811
T1,1.0,Shingle Point,BRITISH COLUMBIA,4,Lyacksun band,79.0,SHINGLE POINT 4,4,BC,6812,https://clss.nrcan-rncan.gc.ca/mb-nc/en/index.html?can=6812
T1,1.0,Portier Pass,BRITISH COLUMBIA,5,Lyacksun band,5.0,PORTIER PASS 5,5,BC,6813,https://clss.nrcan-rncan.gc.ca/mb-nc/en/index.html?can=6813
T4,1.0,Kuper Island,BRITISH COLUMBIA,7,Penelakut band,2138.0,ISLAND 14A,14A,BC,7872,https://clss.nrcan-rncan.gc.ca/mb-nc/en/index.html?can=7872
T1,1.0,Tent Island,BRITISH COLUMBIA,8,Penelakut band,85.0,TENT ISLAND 8,8,BC,6824,https://clss.nrcan-rncan.gc.ca/mb-nc/en/index.html?can=6824
T1,1.0,Comox,BRITISH COLUMBIA,1,Comox,155.0,COMOX 1,1,BC,6970,https://clss.nrcan-rncan.gc.ca/mb-nc/en/index.html?can=6970
T1,1.0,Pentledge,BRITISH COLUMBIA,2,Comox,209.0,PENTLEDGE 2,2,BC,6971,https://clss.nrcan-rncan.gc.ca/mb-nc/en/index.html?can=6971
T4,0.875,Grave-yard,BRITISH COLUMBIA,3,Comox,14.0,GRAVEYARD 5,5,BC,8028,https://clss.nrcan-rncan.gc.ca/mb-nc/en/index.html?can=8028
T1,1.0,Cowichan,BRITISH COLUMBIA,1,"Cowichan; on one parcel (rge. 4) also listed as held by Quamichan, Comiaken, Clem-clem-a-lits, Hamutzen, Somenos, Koksailah, Kilpahlas and Kanipsin bands",5723.0,COWICHAN 1,1,BC,6799,https://clss.nrcan-rncan.gc.ca/mb-nc/en/index.html?can=6799
T1,0.889,Kil-pa-las,BRITISH COLUMBIA,3,,51.0,KIL-PAH-LAS 3,3,BC,6801,https://clss.nrcan-rncan.gc.ca/mb-nc/en/index.html?can=6801
T1,1.0,Tzart-lam,BRITISH COLUMBIA,5,,16.0,TZART-LAM 5,5,BC,6803,https://clss.nrcan-rncan.gc.ca/mb-nc/en/index.html?can=6803
T1,1.0,Kakalatza,BRITISH COLUMBIA,6,Cowichan,24.0,KAKALATZA 6,6,BC,6804,https://clss.nrcan-rncan.gc.ca/mb-nc/en/index.html?can=6804
T1,1.0,Skutz,BRITISH COLUMBIA,7,,18.0,SKUTZ 7,7,BC,6805,https://clss.nrcan-rncan.gc.ca/mb-nc/en/index.html?can=6805
T1,1.0,Skutz,BRITISH COLUMBIA,8,,40.0,SKUTZ 8,8,BC,6806,https://clss.nrcan-rncan.gc.ca/mb-nc/en/index.html?can=6806
T3,1.0,Cowichan Lake,BRITISH COLUMBIA,,Cowichan Lake,130.0,COWICHAN LAKE,,BC,8350,https://clss.nrcan-rncan.gc.ca/mb-nc/en/index.html?can=8350
T3,1.0,Esquimalt,BRITISH COLUMBIA,,Esquimalt,47.0,ESQUIMALT,,BC,6808,https://clss.nrcan-rncan.gc.ca/mb-nc/en/index.html?can=6808
T1,1.0,Nanaimo town,BRITISH COLUMBIA,1,Nanaimo,47.0,NANAIMO TOWN 1,1,BC,6815,https://clss.nrcan-rncan.gc.ca/mb-nc/en/index.html?can=6815
T1,1.0,Nanaimo river,BRITISH COLUMBIA,2,Nanaimo,128.0,NANAIMO RIVER 2,2,BC,6816,https://clss.nrcan-rncan.gc.ca/mb-nc/en/index.html?can=6816
T1,1.0,Nanaimo river,BRITISH COLUMBIA,3,Nanaimo,260.0,NANAIMO RIVER 3,3,BC,6817,https://clss.nrcan-rncan.gc.ca/mb-nc/en/index.html?can=6817
T1,1.0,Nanaimo river,BRITISH COLUMBIA,4,Nanaimo,200.0,NANAIMO RIVER 4,4,BC,6818,https://clss.nrcan-rncan.gc.ca/mb-nc/en/index.html?can=6818
T3,1.0,Nanoose,BRITISH COLUMBIA,,Nanoose,209.0,NANOOSE,,BC,6821,https://clss.nrcan-rncan.gc.ca/mb-nc/en/index.html?can=6821
T3,1.0,Qualicum,BRITISH COLUMBIA,,Qualicum,197.0,QUALICUM,,BC,6826,https://clss.nrcan-rncan.gc.ca/mb-nc/en/index.html?can=6826
T1,1.0,South Saanich,BRITISH COLUMBIA,1,Saanich,483.0,SOUTH SAANICH 1,1,BC,6829,https://clss.nrcan-rncan.gc.ca/mb-nc/en/index.html?can=6829
T1,1.0,East Saanich,BRITISH COLUMBIA,2,Saanich,605.0,EAST SAANICH 2,2,BC,6832,https://clss.nrcan-rncan.gc.ca/mb-nc/en/index.html?can=6832
T1,1.0,Cole Bay,BRITISH COLUMBIA,3,Saanich,705.0,COLE BAY 3,3,BC,6827,https://clss.nrcan-rncan.gc.ca/mb-nc/en/index.html?can=6827
T1,1.0,Union Bay,BRITISH COLUMBIA,4,Saanich,71.0,UNION BAY 4,4,BC,6834,https://clss.nrcan-rncan.gc.ca/mb-nc/en/index.html?can=6834
T1,1.0,Fulford Harbour,BRITISH COLUMBIA,5,Saanich,43.0,FULFORD HARBOUR 5,5,BC,6833,https://clss.nrcan-rncan.gc.ca/mb-nc/en/index.html?can=6833
T1,1.0,Mayne Island,BRITISH COLUMBIA,6,Saanich,323.0,MAYNE ISLAND 6,6,BC,6830,https://clss.nrcan-rncan.gc.ca/mb-nc/en/index.html?can=6830
T1,1.0,Saturna Island,BRITISH COLUMBIA,7,Saanich,360.0,SATURNA ISLAND 7,7,BC,6835,https://clss.nrcan-rncan.gc.ca/mb-nc/en/index.html?can=6835
T1,1.0,Pender Island,BRITISH COLUMBIA,8,Saanich,8.0,PENDER ISLAND 8,8,BC,6836,https://clss.nrcan-rncan.gc.ca/mb-nc/en/index.html?can=6836
T1,1.0,Bare Island,BRITISH COLUMBIA,9,Saanich,26.0,BARE ISLAND 9,9,BC,6837,https://clss.nrcan-rncan.gc.ca/mb-nc/en/index.html?can=6837
T1,1.0,Senanus Island,BRITISH COLUMBIA,10,Saanich,4.0,SENANUS ISLAND 10,10,BC,6831,https://clss.nrcan-rncan.gc.ca/mb-nc/en/index.html?can=6831
T1,1.0,Hatch Point,BRITISH COLUMBIA,12,Saanich,92.0,HATCH POINT 12,12,BC,6828,https://clss.nrcan-rncan.gc.ca/mb-nc/en/index.html?can=6828
T1,1.0,Goldstream,BRITISH COLUMBIA,13,Saanich,12.0,GOLDSTREAM 13,13,BC,6838,https://clss.nrcan-rncan.gc.ca/mb-nc/en/index.html?can=6838
T4,1.0,Songhees,BRITISH COLUMBIA,1,Songhees,112.0,NEW SONGHEES 1A,1A,BC,6839,https://clss.nrcan-rncan.gc.ca/mb-nc/en/index.html?can=6839
T1,0.957,Deadman's or Halkett Island,BRITISH COLUMBIA,2,Songhees,0.5,(DEADMAN'S ISLAND) HALKETT ISLAND NO. 2,2,BC,9082,https://clss.nrcan-rncan.gc.ca/mb-nc/en/index.html?can=9082
T1,1.0,Discovery Island,BRITISH COLUMBIA,3,Songhees,90.0,DISCOVERY ISLAND 3,3,BC,6840,https://clss.nrcan-rncan.gc.ca/mb-nc/en/index.html?can=6840
T1,1.0,Chatham Islands,BRITISH COLUMBIA,4,Songhees,57.0,CHATHAM ISLANDS 4,4,BC,6841,https://clss.nrcan-rncan.gc.ca/mb-nc/en/index.html?can=6841
T4,1.0,Sooke,BRITISH COLUMBIA,1,Sooke,65.0,OKE 10,10,BC,7082,https://clss.nrcan-rncan.gc.ca/mb-nc/en/index.html?can=7082
T4,0.875,Grave-yard,BRITISH COLUMBIA,3,Sooke,0.03,GRAVEYARD 5,5,BC,8028,https://clss.nrcan-rncan.gc.ca/mb-nc/en/index.html?can=8028
T4,0.875,Grave-yard,BRITISH COLUMBIA,4,Sooke,0.95,GRAVEYARD 5,5,BC,8028,https://clss.nrcan-rncan.gc.ca/mb-nc/en/index.html?can=8028
T1,1.0,Cheam,BRITISH COLUMBIA,1,Cheam,883.0,CHEAM 1,1,BC,8081,https://clss.nrcan-rncan.gc.ca/mb-nc/en/index.html?can=8081
T1,1.0,Schelowat,BRITISH COLUMBIA,1,"Chilliwack, Skwah band",213.0,SCHELOWAT 1,1,BC,8052,https://clss.nrcan-rncan.gc.ca/mb-nc/en/index.html?can=8052
T1,1.0,Skwahla,BRITISH COLUMBIA,2,"Chilliwack, Skwah band",29.0,SKWAHLA 2,2,BC,8053,https://clss.nrcan-rncan.gc.ca/mb-nc/en/index.html?can=8053
T1,1.0,Skwali,BRITISH COLUMBIA,3,"Chilliwack, Skwah band",298.0,SKWALI 3,3,BC,8054,https://clss.nrcan-rncan.gc.ca/mb-nc/en/index.html?can=8054
T1,1.0,Skwah,BRITISH COLUMBIA,4,"Chilliwack, Skwah band",313.0,SKWAH 4,4,BC,8055,https://clss.nrcan-rncan.gc.ca/mb-nc/en/index.html?can=8055
T1,1.0,Skway,BRITISH COLUMBIA,5,Skway band,538.0,SKWAY 5,5,BC,8048,https://clss.nrcan-rncan.gc.ca/mb-nc/en/index.html?can=8048
T1,1.0,Aitchelitch,BRITISH COLUMBIA,9,Ahtsalitz band,52.0,AITCHELITCH 9,9,BC,8006,https://clss.nrcan-rncan.gc.ca/mb-nc/en/index.html?can=8006
T4,1.0,Skul-kayn,BRITISH COLUMBIA,10,Skul-kayn band,139.0,KUL 18,18,BC,7751,https://clss.nrcan-rncan.gc.ca/mb-nc/en/index.html?can=7751
T4,1.0,Skul-kayn,BRITISH COLUMBIA,11,Skul-kayn band,30.0,KUL 18,18,BC,7751,https://clss.nrcan-rncan.gc.ca/mb-nc/en/index.html?can=7751
T1,1.0,Tzeachten,BRITISH COLUMBIA,13,"Chilliwack, Skul-kayn and Ya-kwe-a-kwi-oose bands",697.0,TZEACHTEN 13,13,BC,8058,https://clss.nrcan-rncan.gc.ca/mb-nc/en/index.html?can=8058
T1,1.0,Soowahlie,BRITISH COLUMBIA,14,Soowali band,1140.0,SOOWAHLIE 14,14,BC,8051,https://clss.nrcan-rncan.gc.ca/mb-nc/en/index.html?can=8051
T1,1.0,Grass reserve,BRITISH COLUMBIA,15,Chilliwack Indians in common,160.0,GRASS 15,15,BC,8113,https://clss.nrcan-rncan.gc.ca/mb-nc/en/index.html?can=8113
T1,1.0,Skumalasph,BRITISH COLUMBIA,16,"Skwah, Skwahla, Kwaw-kwaw-a-pilt, Squiala, Skway and Aht-salitz bands in common",1158.0,SKUMALASPH 16,16,BC,8114,https://clss.nrcan-rncan.gc.ca/mb-nc/en/index.html?can=8114
T1,1.0,Coquitlam,BRITISH COLUMBIA,1,Coquitlam,6.5,COQUITLAM 1,1,BC,8009,https://clss.nrcan-rncan.gc.ca/mb-nc/en/index.html?can=8009
T1,1.0,Samahquam,BRITISH COLUMBIA,1,Douglas,249.0,SAMAHQUAM 1,1,BC,8039,https://clss.nrcan-rncan.gc.ca/mb-nc/en/index.html?can=8039
T1,1.0,Sachteen,BRITISH COLUMBIA,2,Douglas,15.0,SACHTEEN 2,2,BC,8042,https://clss.nrcan-rncan.gc.ca/mb-nc/en/index.html?can=8042
T1,1.0,Sachteen,BRITISH COLUMBIA,2A,Douglas,52.0,SACHTEEN 2A,2A,BC,8043,https://clss.nrcan-rncan.gc.ca/mb-nc/en/index.html?can=8043
T1,1.0,Sweeteen,BRITISH COLUMBIA,3,Douglas,36.0,SWEETEEN 3,3,BC,8014,https://clss.nrcan-rncan.gc.ca/mb-nc/en/index.html?can=8014
T1,0.909,Skookum Chuck,BRITISH COLUMBIA,4,Douglas,526.0,SKOOKUMCHUCK 4,4,BC,8015,https://clss.nrcan-rncan.gc.ca/mb-nc/en/index.html?can=8015
T1,1.0,Sklahhesten,BRITISH COLUMBIA,5,Douglas,79.0,SKLAHHESTEN 5,5,BC,8017,https://clss.nrcan-rncan.gc.ca/mb-nc/en/index.html?can=8017
T1,1.0,Sklahhesten,BRITISH COLUMBIA,5A,Douglas,150.0,SKLAHHESTEN 5A,5A,BC,8018,https://clss.nrcan-rncan.gc.ca/mb-nc/en/index.html?can=8018
T1,1.0,Lelachen,BRITISH COLUMBIA,6,Douglas,37.5,LELACHEN 6,6,BC,8011,https://clss.nrcan-rncan.gc.ca/mb-nc/en/index.html?can=8011
T4,0.875,Grave-yard,BRITISH COLUMBIA,7,Douglas,0.75,GRAVEYARD 5,5,BC,8028,https://clss.nrcan-rncan.gc.ca/mb-nc/en/index.html?can=8028
T1,1.0,Douglas,BRITISH COLUMBIA,8,Douglas,1030.0,DOUGLAS 8,8,BC,8013,https://clss.nrcan-rncan.gc.ca/mb-nc/en/index.html?can=8013
T1,1.0,Morteen,BRITISH COLUMBIA,9,Douglas,82.0,MORTEEN 9,9,BC,8020,https://clss.nrcan-rncan.gc.ca/mb-nc/en/index.html?can=8020
T1,1.0,Franks,BRITISH COLUMBIA,10,Douglas,82.0,FRANKS 10,10,BC,8021,https://clss.nrcan-rncan.gc.ca/mb-nc/en/index.html?can=8021
T1,1.0,Perrets,BRITISH COLUMBIA,11,Douglas,33.0,PERRETS 11,11,BC,8022,https://clss.nrcan-rncan.gc.ca/mb-nc/en/index.html?can=8022
T1,1.0,Scowlitz,BRITISH COLUMBIA,1,Harrison River,616.0,SCOWLITZ 1,1,BC,8044,https://clss.nrcan-rncan.gc.ca/mb-nc/en/index.html?can=8044
T1,1.0,Squawkum Creek,BRITISH COLUMBIA,3,Harrison River,392.0,SQUAWKUM CREEK 3,3,BC,8046,https://clss.nrcan-rncan.gc.ca/mb-nc/en/index.html?can=8046
T1,1.0,Chehalis,BRITISH COLUMBIA,5,Harrison River,1414.0,CHEHALIS 5,5,BC,8007,https://clss.nrcan-rncan.gc.ca/mb-nc/en/index.html?can=8007
T1,1.0,Chehalis,BRITISH COLUMBIA,6,Harrison River,63.0,CHEHALIS 6,6,BC,8008,https://clss.nrcan-rncan.gc.ca/mb-nc/en/index.html?can=8008
T1,1.0,Homalco,BRITISH COLUMBIA,1,Homalco,710.8,HOMALCO 1,1,BC,7906,https://clss.nrcan-rncan.gc.ca/mb-nc/en/index.html?can=7906
T1,1.0,Potato Point,BRITISH COLUMBIA,3,Homalco,0.4,POTATO POINT 3,3,BC,7909,https://clss.nrcan-rncan.gc.ca/mb-nc/en/index.html?can=7909
T1,1.0,Orford Bay,BRITISH COLUMBIA,4,Homalco,671.3,ORFORD BAY 4,4,BC,7910,https://clss.nrcan-rncan.gc.ca/mb-nc/en/index.html?can=7910
T1,1.0,Mushkin,BRITISH COLUMBIA,5,Homalco,10.5,MUSHKIN 5,5,BC,7911,https://clss.nrcan-rncan.gc.ca/mb-nc/en/index.html?can=7911
T1,1.0,Aupe,BRITISH COLUMBIA,6,Homalco,14.0,AUPE 6,6,BC,7913,https://clss.nrcan-rncan.gc.ca/mb-nc/en/index.html?can=7913
T3,1.0,Hope,BRITISH COLUMBIA,1,Hope,10.5,HOPE 1,1,BC,8076,https://clss.nrcan-rncan.gc.ca/mb-nc/en/index.html?can=8076
T1,1.0,Schkam,BRITISH COLUMBIA,2,Hope,193.0,SCHKAM 2,2,BC,8077,https://clss.nrcan-rncan.gc.ca/mb-nc/en/index.html?can=8077
T1,1.0,Greenwood Island,BRITISH COLUMBIA,3,Hope,10.0,GREENWOOD ISLAND 3,3,BC,8078,https://clss.nrcan-rncan.gc.ca/mb-nc/en/index.html?can=8078
T3,1.0,Seabird Island,BRITISH COLUMBIA,,Hope,,SEABIRD ISLAND,,BC,8073,https://clss.nrcan-rncan.gc.ca/mb-nc/en/index.html?can=8073
T1,1.0,Katzie,BRITISH COLUMBIA,1,Katzie,109.0,KATZIE 1,1,BC,8024,https://clss.nrcan-rncan.gc.ca/mb-nc/en/index.html?can=8024
T1,0.929,Barnstown Island,BRITISH COLUMBIA,3,Katzie,135.0,BARNSTON ISLAND 3,3,BC,8026,https://clss.nrcan-rncan.gc.ca/mb-nc/en/index.html?can=8026
T1,1.0,Pitt Lake,BRITISH COLUMBIA,4,Katzie,540.0,PITT LAKE 4,4,BC,8027,https://clss.nrcan-rncan.gc.ca/mb-nc/en/index.html?can=8027
T1,0.875,Grave-yard,BRITISH COLUMBIA,5,Katzie,1.0,GRAVEYARD 5,5,BC,8028,https://clss.nrcan-rncan.gc.ca/mb-nc/en/index.html?can=8028
T1,1.0,Klahoose,BRITISH COLUMBIA,1,Klahoose,2280.0,KLAHOOSE 1,1,BC,7917,https://clss.nrcan-rncan.gc.ca/mb-nc/en/index.html?can=7917
T1,1.0,Salmon Bay,BRITISH COLUMBIA,3,Klahoose,174.0,SALMON BAY 3,3,BC,7919,https://clss.nrcan-rncan.gc.ca/mb-nc/en/index.html?can=7919
T1,1.0,Siakin,BRITISH COLUMBIA,4,Klahoose,7.0,SIAKIN 4,4,BC,7920,https://clss.nrcan-rncan.gc.ca/mb-nc/en/index.html?can=7920
T1,1.0,Deep Valley,BRITISH COLUMBIA,5,Klahoose,61.0,DEEP VALLEY 5,5,BC,7921,https://clss.nrcan-rncan.gc.ca/mb-nc/en/index.html?can=7921
T1,1.0,Quequa,BRITISH COLUMBIA,6,Klahoose,4.0,QUEQUA 6,6,BC,7922,https://clss.nrcan-rncan.gc.ca/mb-nc/en/index.html?can=7922
T1,1.0,Tork,BRITISH COLUMBIA,7,Klahoose,698.0,TORK INDIAN RESERVE NO. 7,7,BC,7923,https://clss.nrcan-rncan.gc.ca/mb-nc/en/index.html?can=7923
T1,1.0,Tatpo-oose,BRITISH COLUMBIA,10,Klahoose,29.0,TATPO-OOSE 10,10,BC,7926,https://clss.nrcan-rncan.gc.ca/mb-nc/en/index.html?can=7926
T1,1.0,McMillan's Island,BRITISH COLUMBIA,6,Langley,447.0,MCMILLAN ISLAND 6,6,BC,8034,https://clss.nrcan-rncan.gc.ca/mb-nc/en/index.html?can=8034
T1,1.0,Sahhacum,BRITISH COLUMBIA,1,Matsqui,52.5,SAHHACUM 1,1,BC,8035,https://clss.nrcan-rncan.gc.ca/mb-nc/en/index.html?can=8035
T3,1.0,Matsqui Main reserve,BRITISH COLUMBIA,,Matsqui,353.85,MATSQUI MAIN 2,2,BC,8036,https://clss.nrcan-rncan.gc.ca/mb-nc/en/index.html?can=8036
T1,1.0,Three Islands,BRITISH COLUMBIA,3,Matsqui,608.5,THREE ISLANDS 3,3,BC,8037,https://clss.nrcan-rncan.gc.ca/mb-nc/en/index.html?can=8037
T1,1.0,Matsqui,BRITISH COLUMBIA,4,Matsqui,60.0,MATSQUI 4,4,BC,8038,https://clss.nrcan-rncan.gc.ca/mb-nc/en/index.html?can=8038
T1,1.0,Musqueam,BRITISH COLUMBIA,2,Musqueam,392.5,MUSQUEAM 2,2,BC,8358,https://clss.nrcan-rncan.gc.ca/mb-nc/en/index.html?can=8358
T1,1.0,Sea Island,BRITISH COLUMBIA,3,Musqueam,60.75,SEA ISLAND 3,3,BC,8359,https://clss.nrcan-rncan.gc.ca/mb-nc/en/index.html?can=8359
T4,1.0,Poplar Island,BRITISH COLUMBIA,,New Westminster,27.1,ISLAND 14A,14A,BC,7872,https://clss.nrcan-rncan.gc.ca/mb-nc/en/index.html?can=7872
T1,1.0,Ohamil,BRITISH COLUMBIA,1,Ohamil,458.0,OHAMIL 1,1,BC,8087,https://clss.nrcan-rncan.gc.ca/mb-nc/en/index.html?can=8087
T1,1.0,Wahleach Island,BRITISH COLUMBIA,2,Ohamil,171.0,WAHLEACH ISLAND 2,2,BC,8088,https://clss.nrcan-rncan.gc.ca/mb-nc/en/index.html?can=8088
T3,1.0,Seabird Island,BRITISH COLUMBIA,,Ohamil,,SEABIRD ISLAND,,BC,8073,https://clss.nrcan-rncan.gc.ca/mb-nc/en/index.html?can=8073
T1,1.0,Lokla,BRITISH COLUMBIA,4,Pemberton,19.5,LOKLA 4,4,BC,7999,https://clss.nrcan-rncan.gc.ca/mb-nc/en/index.html?can=7999
T1,0.875,Grave-yard,BRITISH COLUMBIA,5,Pemberton,1.4,GRAVEYARD 5,5,BC,8028,https://clss.nrcan-rncan.gc.ca/mb-nc/en/index.html?can=8028
T3,1.0,Seabird Island,BRITISH COLUMBIA,,Popkum,,SEABIRD ISLAND,,BC,8073,https://clss.nrcan-rncan.gc.ca/mb-nc/en/index.html?can=8073
T3,1.0,Semiahmoo,BRITISH COLUMBIA,,Semiahmoo,392.0,SEMIAHMOO,,BC,8047,https://clss.nrcan-rncan.gc.ca/mb-nc/en/index.html?can=8047
T1,1.0,Tsawcome,BRITISH COLUMBIA,1,Seshelt,45.25,SECHELT BAND LANDS (TSAWCOME) NO 1,1,BC,7928,https://clss.nrcan-rncan.gc.ca/mb-nc/en/index.html?can=7928
T4,1.0,Seshelt,BRITISH COLUMBIA,2,Seshelt,607.0,SECHELT BAND LANDS (SMESHALIN) NO 18,18,BC,7947,https://clss.nrcan-rncan.gc.ca/mb-nc/en/index.html?can=7947
T1,1.0,Oalthkyim,BRITISH COLUMBIA,4,Seshelt,8.9,SECHELT BAND LANDS (OALTHKYIM) NO 4,4,BC,7931,https://clss.nrcan-rncan.gc.ca/mb-nc/en/index.html?can=7931
T1,1.0,Klaalth,BRITISH COLUMBIA,5,Seshelt,3.44,SECHELT BAND LANDS (KLAALTH) NO 5,5,BC,7932,https://clss.nrcan-rncan.gc.ca/mb-nc/en/index.html?can=7932
T1,1.0,Klayekwim,BRITISH COLUMBIA,6,Seshelt,2.45,SECHELT BAND LANDS (KLAYEKWIM) NO 6,6,BC,7933,https://clss.nrcan-rncan.gc.ca/mb-nc/en/index.html?can=7933
T1,1.0,Klayekwim,BRITISH COLUMBIA,7,Seshelt,53.0,SECHELT BAND LANDS (KLAYEKWIM) NO 7,7,BC,7935,https://clss.nrcan-rncan.gc.ca/mb-nc/en/index.html?can=7935
T1,1.0,Klayekwim,BRITISH COLUMBIA,8,Seshelt,196.0,SECHELT BAND LANDS (KLAYEKWIM) NO 8,8,BC,7936,https://clss.nrcan-rncan.gc.ca/mb-nc/en/index.html?can=7936
T1,1.0,Chickwat,BRITISH COLUMBIA,9,Seshelt,5.0,SECHELT BAND LANDS (CHICKWAT) NO 9,9,BC,7937,https://clss.nrcan-rncan.gc.ca/mb-nc/en/index.html?can=7937
T1,1.0,Tchahchelailthtenum,BRITISH COLUMBIA,10,Seshelt,19.1,SECHELT BAND LANDS (TCHAHCHELAILTHTENUM) NO 10,10,BC,7938,https://clss.nrcan-rncan.gc.ca/mb-nc/en/index.html?can=7938
T1,1.0,Hunaechin,BRITISH COLUMBIA,11,Seshelt,260.5,SECHELT BAND LANDS (HUNAECHIN) NO 11,11,BC,7939,https://clss.nrcan-rncan.gc.ca/mb-nc/en/index.html?can=7939
T1,1.0,Swaywelat,BRITISH COLUMBIA,12,Seshelt,1.1,SECHELT BAND LANDS (SWAYWELAT) NO 12,12,BC,7940,https://clss.nrcan-rncan.gc.ca/mb-nc/en/index.html?can=7940
T1,1.0,Chelohsin,BRITISH COLUMBIA,13,Seshelt,3.33,SECHELT BAND LANDS (CHELOHSIN) NO 13,13,BC,7942,https://clss.nrcan-rncan.gc.ca/mb-nc/en/index.html?can=7942
T4,1.0,Paykulkun,BRITISH COLUMBIA,14,Seshelt,4.55,KUL 18,18,BC,7751,https://clss.nrcan-rncan.gc.ca/mb-nc/en/index.html?can=7751
T1,1.0,Tsooahdie,BRITISH COLUMBIA,15,Seshelt,724.5,SECHELT BAND LANDS (TSOOAHDIE) NO 15,15,BC,7944,https://clss.nrcan-rncan.gc.ca/mb-nc/en/index.html?can=7944
T1,1.0,Slayathlum,BRITISH COLUMBIA,16,Seshelt,15.85,SECHELT BAND LANDS (SLAYATHLUM) NO 16,16,BC,7945,https://clss.nrcan-rncan.gc.ca/mb-nc/en/index.html?can=7945
T1,1.0,Skwawkweehm,BRITISH COLUMBIA,17,Seshelt,13.2,SECHELT BAND LANDS (SKWAWKWEEHM) NO 17,17,BC,7946,https://clss.nrcan-rncan.gc.ca/mb-nc/en/index.html?can=7946
T1,1.0,Smeshalin,BRITISH COLUMBIA,18,Seshelt,10.0,SECHELT BAND LANDS (SMESHALIN) NO 18,18,BC,7947,https://clss.nrcan-rncan.gc.ca/mb-nc/en/index.html?can=7947
T1,1.0,Suahbin,BRITISH COLUMBIA,19,Seshelt,6.5,SECHELT BAND LANDS (SUAHBIN) NO 19,19,BC,7948,https://clss.nrcan-rncan.gc.ca/mb-nc/en/index.html?can=7948
T4,0.875,Grave-yard,BRITISH COLUMBIA,,Seshelt,0.35,GRAVEYARD 5,5,BC,8028,https://clss.nrcan-rncan.gc.ca/mb-nc/en/index.html?can=8028
T1,1.0,Sallahlus No. 1,BRITISH COLUMBIA,20,Seshelt,3.4,SECHELT BAND LANDS (SALLAHLUS) NO 20,20,BC,7950,https://clss.nrcan-rncan.gc.ca/mb-nc/en/index.html?can=7950
T1,1.0,Sekaleton,BRITISH COLUMBIA,21,Seshelt,1.25,SECHELT BAND LANDS (SEKALETON) NO 21,21,BC,7952,https://clss.nrcan-rncan.gc.ca/mb-nc/en/index.html?can=7952
T1,1.0,Saughanaught,BRITISH COLUMBIA,22,Seshelt,35.0,SECHELT BAND LANDS (SAUGHANAUGHT) NO 22,22,BC,7954,https://clss.nrcan-rncan.gc.ca/mb-nc/en/index.html?can=7954
T1,1.0,Cokqueneets,BRITISH COLUMBIA,23,Seshelt,80.0,SECHELT BAND LANDS (COKQUENEETS) NO 23,23,BC,7955,https://clss.nrcan-rncan.gc.ca/mb-nc/en/index.html?can=7955
T1,1.0,Skawahlook,BRITISH COLUMBIA,1,Skawahlook,151.0,SKAWAHLOOK 1,1,BC,8074,https://clss.nrcan-rncan.gc.ca/mb-nc/en/index.html?can=8074
T1,1.0,Ruby Creek,BRITISH COLUMBIA,2,Skawahlook,45.5,RUBY CREEK 2,2,BC,8075,https://clss.nrcan-rncan.gc.ca/mb-nc/en/index.html?can=8075
T3,1.0,Seabird Island,BRITISH COLUMBIA,,Skawahlook,,SEABIRD ISLAND,,BC,8073,https://clss.nrcan-rncan.gc.ca/mb-nc/en/index.html?can=8073
T1,1.0,Mission,BRITISH COLUMBIA,1,Squamish,38.0,MISSION 1,1,BC,7967,https://clss.nrcan-rncan.gc.ca/mb-nc/en/index.html?can=7967
T1,1.0,Seymour Creek,BRITISH COLUMBIA,2,Squamish,147.0,SEYMOUR CREEK 2,2,BC,7968,https://clss.nrcan-rncan.gc.ca/mb-nc/en/index.html?can=7968
T1,1.0,Inlailawatash,BRITISH COLUMBIA,4,Squamish,33.0,INLAILAWATASH 4,4,BC,7904,https://clss.nrcan-rncan.gc.ca/mb-nc/en/index.html?can=7904
T1,1.0,Skowishin,BRITISH COLUMBIA,7,Squamish,100.0,SKOWISHIN 7,7,BC,7970,https://clss.nrcan-rncan.gc.ca/mb-nc/en/index.html?can=7970
T1,1.0,Chuckchuck,BRITISH COLUMBIA,8,Squamish,0.15,CHUCKCHUCK 8,8,BC,7971,https://clss.nrcan-rncan.gc.ca/mb-nc/en/index.html?can=7971
T1,1.0,Poyam,BRITISH COLUMBIA,9,Squamish,0.67,POYAM 9,9,BC,7972,https://clss.nrcan-rncan.gc.ca/mb-nc/en/index.html?can=7972
T1,0.944,Skowishin grave-yard,BRITISH COLUMBIA,10,Squamish,0.1,SKOWISHIN GRAVEYARD 10,10,BC,7974,https://clss.nrcan-rncan.gc.ca/mb-nc/en/index.html?can=7974
T1,1.0,Cheakamus,BRITISH COLUMBIA,11,Squamish,4046.0,CHEAKAMUS 11,11,BC,7975,https://clss.nrcan-rncan.gc.ca/mb-nc/en/index.html?can=7975
T1,1.0,Yookwitz,BRITISH COLUMBIA,12,Squamish,23.0,YOOKWITZ 12,12,BC,7976,https://clss.nrcan-rncan.gc.ca/mb-nc/en/index.html?can=7976
T1,1.0,Poquiosin and Skamain,BRITISH COLUMBIA,13,Squamish,111.8,POQUIOSIN & SKAMAIN 13,13,BC,7977,https://clss.nrcan-rncan.gc.ca/mb-nc/en/index.html?can=7977
T1,1.0,Waiwakum,BRITISH COLUMBIA,14,Squamish,37.0,WAIWAKUM 14,14,BC,7978,https://clss.nrcan-rncan.gc.ca/mb-nc/en/index.html?can=7978
T1,1.0,Aikwucks,BRITISH COLUMBIA,15,Squamish,27.45,AIKWUCKS 15,15,BC,7979,https://clss.nrcan-rncan.gc.ca/mb-nc/en/index.html?can=7979
T1,1.0,Seaichem,BRITISH COLUMBIA,16,Squamish,68.0,SEAICHEM 16,16,BC,7980,https://clss.nrcan-rncan.gc.ca/mb-nc/en/index.html?can=7980
T1,1.0,Kowtain,BRITISH COLUMBIA,17,Squamish,57.5,KOWTAIN 17,17,BC,7981,https://clss.nrcan-rncan.gc.ca/mb-nc/en/index.html?can=7981
T1,1.0,Yekwaupsum,BRITISH COLUMBIA,18,Squamish,154.0,YEKWAUPSUM 18,18,BC,7982,https://clss.nrcan-rncan.gc.ca/mb-nc/en/index.html?can=7982
T1,1.0,Yekwaupsum burial-ground,BRITISH COLUMBIA,19,Squamish,2.25,YEKWAUPSUM 19,19,BC,7983,https://clss.nrcan-rncan.gc.ca/mb-nc/en/index.html?can=7983
T4,1.0,Mamaquum Island,BRITISH COLUMBIA,20,Squamish,13.0,ISLAND 14A,14A,BC,7872,https://clss.nrcan-rncan.gc.ca/mb-nc/en/index.html?can=7872
T4,1.0,Squamish Island,BRITISH COLUMBIA,21,Squamish,416.5,ISLAND 14A,14A,BC,7872,https://clss.nrcan-rncan.gc.ca/mb-nc/en/index.html?can=7872
T1,1.0,Stawamus,BRITISH COLUMBIA,24,Squamish,141.5,STAWAMUS INDIAN RESERVE NO. 24,24,BC,7984,https://clss.nrcan-rncan.gc.ca/mb-nc/en/index.html?can=7984
T1,1.0,Kaikalahun,BRITISH COLUMBIA,25,Squamish,33.0,KAIKALAHUN 25,25,BC,7985,https://clss.nrcan-rncan.gc.ca/mb-nc/en/index.html?can=7985
T1,1.0,Chekwelp,BRITISH COLUMBIA,26,Squamish,34.5,CHEKWELP 26,26,BC,7986,https://clss.nrcan-rncan.gc.ca/mb-nc/en/index.html?can=7986
T1,1.0,Defence Island,BRITISH COLUMBIA,28,Squamish,33.0,DEFENCE ISLAND 28,28,BC,7989,https://clss.nrcan-rncan.gc.ca/mb-nc/en/index.html?can=7989
T4,1.0,Tokenatch,BRITISH COLUMBIA,5,Sliammon,53.0,OKE 10,10,BC,7082,https://clss.nrcan-rncan.gc.ca/mb-nc/en/index.html?can=7082
T3,1.0,Seabird Island,BRITISH COLUMBIA,,Squawtits,,SEABIRD ISLAND,,BC,8073,https://clss.nrcan-rncan.gc.ca/mb-nc/en/index.html?can=8073
T1,1.0,Yaalstrick,BRITISH COLUMBIA,1,Sumass,283.9,YAALSTRICK 1,1,BC,8062,https://clss.nrcan-rncan.gc.ca/mb-nc/en/index.html?can=8062
T1,1.0,Lackaway,BRITISH COLUMBIA,2,Sumass,39.0,LACKAWAY 2,2,BC,8063,https://clss.nrcan-rncan.gc.ca/mb-nc/en/index.html?can=8063
T1,1.0,Papekwatchin,BRITISH COLUMBIA,4,Sumass,235.0,PAPEKWATCHIN INDIAN RESERVE NO. 4,4,BC,8065,https://clss.nrcan-rncan.gc.ca/mb-nc/en/index.html?can=8065
T1,1.0,Aylechootlook,BRITISH COLUMBIA,5,Sumass,49.0,AYLECHOOTLOOK 5,5,BC,8066,https://clss.nrcan-rncan.gc.ca/mb-nc/en/index.html?can=8066
T1,1.0,Upper Sumass,BRITISH COLUMBIA,6,Sumass,610.8,UPPER SUMAS 6,6,BC,8061,https://clss.nrcan-rncan.gc.ca/mb-nc/en/index.html?can=8061
T1,1.0,Holachten,BRITISH COLUMBIA,8,Sumass (Lakahahmen band),300.0,HOLACHTEN 8,8,BC,8067,https://clss.nrcan-rncan.gc.ca/mb-nc/en/index.html?can=8067
T1,1.0,Skweahm,BRITISH COLUMBIA,10,Sumass (Lakahahmen band),183.0,SKWEAHM 10,10,BC,8069,https://clss.nrcan-rncan.gc.ca/mb-nc/en/index.html?can=8069
T1,1.0,Lakahahmen,BRITISH COLUMBIA,11,Sumass (Lakahahmen band),94.1,LAKAHAHMEN 11,11,BC,8070,https://clss.nrcan-rncan.gc.ca/mb-nc/en/index.html?can=8070
T1,1.0,Yale Town,BRITISH COLUMBIA,1,Yale,17.5,YALE TOWN 1,1,BC,8097,https://clss.nrcan-rncan.gc.ca/mb-nc/en/index.html?can=8097
T1,1.0,Kuthlalth,BRITISH COLUMBIA,3,Yale,362.0,KUTHLALTH 3,3,BC,8089,https://clss.nrcan-rncan.gc.ca/mb-nc/en/index.html?can=8089
T1,1.0,Qualark,BRITISH COLUMBIA,4,Yale,27.0,QUALARK 4,4,BC,8099,https://clss.nrcan-rncan.gc.ca/mb-nc/en/index.html?can=8099
T1,1.0,Albert Flat,BRITISH COLUMBIA,5,Yale,150.0,ALBERT FLAT 5,5,BC,8100,https://clss.nrcan-rncan.gc.ca/mb-nc/en/index.html?can=8100
T1,1.0,Squeah,BRITISH COLUMBIA,6,Yale,46.0,SQUEAH 6,6,BC,8101,https://clss.nrcan-rncan.gc.ca/mb-nc/en/index.html?can=8101
T1,1.0,Kaykaip,BRITISH COLUMBIA,7,Yale,31.0,KAYKAIP 7,7,BC,8102,https://clss.nrcan-rncan.gc.ca/mb-nc/en/index.html?can=8102
T1,1.0,Stullawheets,BRITISH COLUMBIA,8,Yale,134.5,STULLAWHEETS 8,8,BC,8103,https://clss.nrcan-rncan.gc.ca/mb-nc/en/index.html?can=8103
T1,1.0,Skawahlum,BRITISH COLUMBIA,10,Yale Union Bar band,14.8,SKAWAHLUM 10,10,BC,8090,https://clss.nrcan-rncan.gc.ca/mb-nc/en/index.html?can=8090
T1,1.0,Puckatholetchin,BRITISH COLUMBIA,11,Yale Union Bar band,566.5,PUCKATHOLETCHIN 11,11,BC,8091,https://clss.nrcan-rncan.gc.ca/mb-nc/en/index.html?can=8091
T1,1.0,Klaklacum,BRITISH COLUMBIA,12,Yale Union Bar Band,71.75,KLAKLACUM 12,12,BC,8092,https://clss.nrcan-rncan.gc.ca/mb-nc/en/index.html?can=8092
T1,1.0,Trafalgar Flat,BRITISH COLUMBIA,13,Yale Union Bar Band,172.0,TRAFALGAR FLAT 13,13,BC,8093,https://clss.nrcan-rncan.gc.ca/mb-nc/en/index.html?can=8093
T1,1.0,Aywawwis,BRITISH COLUMBIA,15,Yale Union Bar Band,229.4,AYWAWWIS 15,15,BC,8095,https://clss.nrcan-rncan.gc.ca/mb-nc/en/index.html?can=8095
T1,1.0,Kawkawa,BRITISH COLUMBIA,16,Yale Union Bar Band,16.0,KAWKAWA LAKE 16,16,BC,8096,https://clss.nrcan-rncan.gc.ca/mb-nc/en/index.html?can=8096
T3,1.0,Seabird Island,BRITISH COLUMBIA,,Yale Union Bar band,,SEABIRD ISLAND,,BC,8073,https://clss.nrcan-rncan.gc.ca/mb-nc/en/index.html?can=8073
T1,1.0,Hustalen,BRITISH COLUMBIA,1,"Adams Lake, Sabhaltkum band",2178.0,HUSTALEN 1,1,BC,7152,https://clss.nrcan-rncan.gc.ca/mb-nc/en/index.html?can=7152
T1,1.0,Squaam,BRITISH COLUMBIA,2,"Adams Lake, Sahhaltkum band",80.0,SQUAAM 2,2,BC,7153,https://clss.nrcan-rncan.gc.ca/mb-nc/en/index.html?can=7153
T1,1.0,Toops,BRITISH COLUMBIA,3,"Adams Lake, Sahhaltkum band",25.0,TOOPS 3,3,BC,7154,https://clss.nrcan-rncan.gc.ca/mb-nc/en/index.html?can=7154
T1,0.889,Sahhahltkum,BRITISH COLUMBIA,4,"Adams Lake, Sahhaltkum band",3206.0,SAHHALTKUM 4,4,BC,7155,https://clss.nrcan-rncan.gc.ca/mb-nc/en/index.html?can=7155
T4,0.889,Sahhahltkum,BRITISH COLUMBIA,4A,"Adams Lake, Sahhaltkum band",334.0,SAHHALTKUM 4,4,BC,7155,https://clss.nrcan-rncan.gc.ca/mb-nc/en/index.html?can=7155
T1,1.0,Stequmwhulpa,BRITISH COLUMBIA,5,"Adams Lake, Sahhaltkum band",250.0,STEQUMWHULPA 5,5,BC,7156,https://clss.nrcan-rncan.gc.ca/mb-nc/en/index.html?can=7156
T1,1.0,Switsemalph,BRITISH COLUMBIA,6,"Adams Lake, Sahhaltkum band",,SWITSEMALPH 6,6,BC,7157,https://clss.nrcan-rncan.gc.ca/mb-nc/en/index.html?can=7157
T1,1.0,McLean's Lake,BRITISH COLUMBIA,3,Ashcroft,1003.0,MCLEAN'S LAKE 3,3,BC,7162,https://clss.nrcan-rncan.gc.ca/mb-nc/en/index.html?can=7162
T3,1.0,Bonaparte,BRITISH COLUMBIA,1,Bonaparte,477.0,BONAPARTE 3,3,BC,7165,https://clss.nrcan-rncan.gc.ca/mb-nc/en/index.html?can=7165
T3,1.0,Mauvais Rocher,BRITISH COLUMBIA,2,Bonaparte,99.8,MAUVAIS ROCHER 5,5,BC,7167,https://clss.nrcan-rncan.gc.ca/mb-nc/en/index.html?can=7167
T3,1.0,Upper Hat Creek,BRITISH COLUMBIA,4,Bonaparte,2057.0,UPPER HAT CREEK 1,1,BC,7163,https://clss.nrcan-rncan.gc.ca/mb-nc/en/index.html?can=7163
T3,1.0,Lower Hat Creek,BRITISH COLUMBIA,5,Bonaparte,2078.0,LOWER HAT CREEK 2,2,BC,7164,https://clss.nrcan-rncan.gc.ca/mb-nc/en/index.html?can=7164
T3,1.0,Bonaparte,BRITISH COLUMBIA,1A,Bonaparte,1343.0,BONAPARTE 3,3,BC,7165,https://clss.nrcan-rncan.gc.ca/mb-nc/en/index.html?can=7165
T1,1.0,Tsawawmuck,BRITISH COLUMBIA,1,"Boothroyd, Chomok band",,TSAWAWMUCK 1,1,BC,7261,https://clss.nrcan-rncan.gc.ca/mb-nc/en/index.html?can=7261
T1,1.0,Tsintahktl,BRITISH COLUMBIA,2,"Boothroyd, Chomok band",37.0,TSINTAHKTL 2,2,BC,7262,https://clss.nrcan-rncan.gc.ca/mb-nc/en/index.html?can=7262
T1,1.0,Speyum,BRITISH COLUMBIA,3,"Boothroyd, Chomok Band",,SPEYUM 3,3,BC,7263,https://clss.nrcan-rncan.gc.ca/mb-nc/en/index.html?can=7263
T1,1.0,Kahmoose,BRITISH COLUMBIA,4,"Boothroyd, Chomok band",60.0,KAHMOOSE 4,4,BC,7264,https://clss.nrcan-rncan.gc.ca/mb-nc/en/index.html?can=7264
T1,1.0,Sho-ook,BRITISH COLUMBIA,5,"Boothroyd, Chomok band",413.0,SHO-OOK 5,5,BC,7265,https://clss.nrcan-rncan.gc.ca/mb-nc/en/index.html?can=7265
T1,1.0,Inkahtsaph,BRITISH COLUMBIA,6,"Boothroyd, Chomok band",454.0,INKAHTSAPH 6,6,BC,7269,https://clss.nrcan-rncan.gc.ca/mb-nc/en/index.html?can=7269
T1,1.0,Chukcheetso,BRITISH COLUMBIA,7,Boothroyd,,CHUKCHEETSO 7,7,BC,7272,https://clss.nrcan-rncan.gc.ca/mb-nc/en/index.html?can=7272
T1,1.0,Staiyahanny,BRITISH COLUMBIA,8,Boothroyd,,STAIYAHANNY 8,8,BC,7273,https://clss.nrcan-rncan.gc.ca/mb-nc/en/index.html?can=7273
T1,1.0,Stlakament,BRITISH COLUMBIA,9,Boothroyd,40.0,STLAKAMENT 9,9,BC,7275,https://clss.nrcan-rncan.gc.ca/mb-nc/en/index.html?can=7275
T1,1.0,Dufferin reserve,BRITISH COLUMBIA,10,Boothroyd,,DUFFERIN 10,10,BC,7276,https://clss.nrcan-rncan.gc.ca/mb-nc/en/index.html?can=7276
T1,1.0,Tuckkwiowhum,BRITISH COLUMBIA,1,Boston Bar,95.0,TUCKKWIOWHUM 1,1,BC,7280,https://clss.nrcan-rncan.gc.ca/mb-nc/en/index.html?can=7280
T1,1.0,Kopchitchin,BRITISH COLUMBIA,2,Boston Bar,359.0,KOPCHITCHIN 2,2,BC,7282,https://clss.nrcan-rncan.gc.ca/mb-nc/en/index.html?can=7282
T1,1.0,Austin's Flat,BRITISH COLUMBIA,3,Boston Bar,,AUSTIN'S FLAT 3,3,BC,7283,https://clss.nrcan-rncan.gc.ca/mb-nc/en/index.html?can=7283
T1,1.0,Bucktum,BRITISH COLUMBIA,4,Boston Bar,64.0,BUCKTUM 4,4,BC,7284,https://clss.nrcan-rncan.gc.ca/mb-nc/en/index.html?can=7284
T1,1.0,Scaucy,BRITISH COLUMBIA,5,Boston Bar,18.0,SCAUCY 5,5,BC,7285,https://clss.nrcan-rncan.gc.ca/mb-nc/en/index.html?can=7285
T1,1.0,Paul's,BRITISH COLUMBIA,6,Boston Bar,,PAUL'S 6,6,BC,7286,https://clss.nrcan-rncan.gc.ca/mb-nc/en/index.html?can=7286
T1,1.0,Shrypttahooks,BRITISH COLUMBIA,7,Boston Bar,87.0,SHRYPTTAHOOKS 7,7,BC,7287,https://clss.nrcan-rncan.gc.ca/mb-nc/en/index.html?can=7287
T1,1.0,Kumcheen,BRITISH COLUMBIA,1,Cook's Ferry,,KUMCHEEN 1,1,BC,7200,https://clss.nrcan-rncan.gc.ca/mb-nc/en/index.html?can=7200
T1,1.0,Skoonkoon,BRITISH COLUMBIA,2,Cook's Ferry,55.0,SKOONKOON 2,2,BC,7201,https://clss.nrcan-rncan.gc.ca/mb-nc/en/index.html?can=7201
T1,1.0,Shawniken,BRITISH COLUMBIA,3,Cook's Ferry,,SHAWNIKEN 3,3,BC,7202,https://clss.nrcan-rncan.gc.ca/mb-nc/en/index.html?can=7202
T1,1.0,Chuchhriaschin,BRITISH COLUMBIA,5,Cook's Ferry,20.0,CHUCHHRIASCHIN 5,5,BC,7207,https://clss.nrcan-rncan.gc.ca/mb-nc/en/index.html?can=7207
T1,1.0,Chuchhriaschin,BRITISH COLUMBIA,5A,Cook's Ferry,20.0,CHUCHHRIASCHIN 5A,5A,BC,7208,https://clss.nrcan-rncan.gc.ca/mb-nc/en/index.html?can=7208
T1,1.0,Nicoelton,BRITISH COLUMBIA,6,Cook's Ferry,2008.5,NICOELTON 6,6,BC,7209,https://clss.nrcan-rncan.gc.ca/mb-nc/en/index.html?can=7209
T1,1.0,Kloklowuck,BRITISH COLUMBIA,7,Cook's Ferry,219.0,KLOKLOWUCK 7,7,BC,7210,https://clss.nrcan-rncan.gc.ca/mb-nc/en/index.html?can=7210
T1,1.0,Tsinkahtl,BRITISH COLUMBIA,8,Cook's Ferry,19.8,TSINKAHTL 8,8,BC,7211,https://clss.nrcan-rncan.gc.ca/mb-nc/en/index.html?can=7211
T1,1.0,Pemynoos,BRITISH COLUMBIA,9,Cook's Ferry,4507.7,PEMYNOOS 9,9,BC,7213,https://clss.nrcan-rncan.gc.ca/mb-nc/en/index.html?can=7213
T1,1.0,Pokheitsk,BRITISH COLUMBIA,10,Cook's Ferry,36.0,POKHEITSK 10,10,BC,7214,https://clss.nrcan-rncan.gc.ca/mb-nc/en/index.html?can=7214
T1,1.0,Spatsum,BRITISH COLUMBIA,11,Cook's Ferry,193.0,SPATSUM 11,11,BC,7215,https://clss.nrcan-rncan.gc.ca/mb-nc/en/index.html?can=7215
T1,1.0,Kamloops,BRITISH COLUMBIA,1,Kamloops,33.131,KAMLOOPS 1,1,BC,7173,https://clss.nrcan-rncan.gc.ca/mb-nc/en/index.html?can=7173
T1,1.0,Nekliptum,BRITISH COLUMBIA,1,Kanaka Bar,30.0,NEKLIPTUM 1,1,BC,7298,https://clss.nrcan-rncan.gc.ca/mb-nc/en/index.html?can=7298
T1,1.0,Kanaka Bar,BRITISH COLUMBIA,2,Kanaka Bar,118.0,KANAKA BAR 2,2,BC,7300,https://clss.nrcan-rncan.gc.ca/mb-nc/en/index.html?can=7300
T1,1.0,Pegleg,BRITISH COLUMBIA,3,Kanaka Bar,10.0,PEGLEG 3,3,BC,7301,https://clss.nrcan-rncan.gc.ca/mb-nc/en/index.html?can=7301
T1,1.0,Whyeek,BRITISH COLUMBIA,4,Kanaka Bar,351.0,WHYEEK 4,4,BC,7303,https://clss.nrcan-rncan.gc.ca/mb-nc/en/index.html?can=7303
T1,1.0,Nananahout,BRITISH COLUMBIA,1,Lytton,770.0,NANANAHOUT 1,1,BC,7304,https://clss.nrcan-rncan.gc.ca/mb-nc/en/index.html?can=7304
T1,1.0,Nuuautin,BRITISH COLUMBIA,2,Lytton,477.0,NUUAUTIN 2,2,BC,7305,https://clss.nrcan-rncan.gc.ca/mb-nc/en/index.html?can=7305
T1,1.0,Spintlum Flat,BRITISH COLUMBIA,3,Lytton,338.5,SPINTLUM FLAT 3,3,BC,7308,https://clss.nrcan-rncan.gc.ca/mb-nc/en/index.html?can=7308
T1,1.0,Seah,BRITISH COLUMBIA,5,Lytton,329.0,SEAH 5,5,BC,7317,https://clss.nrcan-rncan.gc.ca/mb-nc/en/index.html?can=7317
T1,1.0,Nesikep,BRITISH COLUMBIA,6,Lytton,1363.0,NESIKEP 6,6,BC,7319,https://clss.nrcan-rncan.gc.ca/mb-nc/en/index.html?can=7319
T1,1.0,Fish Lake,BRITISH COLUMBIA,7,Lytton,80.0,FISH LAKE 7,7,BC,7322,https://clss.nrcan-rncan.gc.ca/mb-nc/en/index.html?can=7322
T1,1.0,Maka,BRITISH COLUMBIA,8,Lytton,10.0,MAKA 8,8,BC,7323,https://clss.nrcan-rncan.gc.ca/mb-nc/en/index.html?can=7323
T1,1.0,Stryen,BRITISH COLUMBIA,9,Lytton,629.5,STRYEN 9,9,BC,7324,https://clss.nrcan-rncan.gc.ca/mb-nc/en/index.html?can=7324
T1,1.0,Nkaih,BRITISH COLUMBIA,10,Lytton,281.0,NKAIH 10,10,BC,7327,https://clss.nrcan-rncan.gc.ca/mb-nc/en/index.html?can=7327
T1,1.0,Yawaucht,BRITISH COLUMBIA,11,Lytton,289.5,YAWAUCHT 11,11,BC,7328,https://clss.nrcan-rncan.gc.ca/mb-nc/en/index.html?can=7328
T1,1.0,Tsaukan,BRITISH COLUMBIA,12,Lytton,141.0,TSAUKAN 12,12,BC,7329,https://clss.nrcan-rncan.gc.ca/mb-nc/en/index.html?can=7329
T1,1.0,Cameron Bar,BRITISH COLUMBIA,13,Lytton,87.0,CAMERON BAR 13,13,BC,7330,https://clss.nrcan-rncan.gc.ca/mb-nc/en/index.html?can=7330
T1,1.0,Halhalaeden,BRITISH COLUMBIA,14,Lytton,92.5,HALHALAEDEN 14,14,BC,7332,https://clss.nrcan-rncan.gc.ca/mb-nc/en/index.html?can=7332
T1,1.0,Bootahnie,BRITISH COLUMBIA,15,Lytton,3840.0,BOOTAHNIE 15,15,BC,7334,https://clss.nrcan-rncan.gc.ca/mb-nc/en/index.html?can=7334
T1,1.0,Two Mile Creek,BRITISH COLUMBIA,16,Lytton,11.0,TWO MILE CREEK 16,16,BC,7335,https://clss.nrcan-rncan.gc.ca/mb-nc/en/index.html?can=7335
T1,1.0,Klahkamich,BRITISH COLUMBIA,17,Lytton,22.5,KLAHKAMICH 17,17,BC,7336,https://clss.nrcan-rncan.gc.ca/mb-nc/en/index.html?can=7336
T1,1.0,Klickkumcheen,BRITISH COLUMBIA,18,Lytton,47.0,KLICKKUMCHEEN 18,18,BC,7337,https://clss.nrcan-rncan.gc.ca/mb-nc/en/index.html?can=7337
T1,1.0,Nocten,BRITISH COLUMBIA,19,Lytton,8.9,NOCTEN 19,19,BC,7338,https://clss.nrcan-rncan.gc.ca/mb-nc/en/index.html?can=7338
T1,1.0,Kitzowit,BRITISH COLUMBIA,20,Lytton,27.0,KITZOWIT 20,20,BC,7339,https://clss.nrcan-rncan.gc.ca/mb-nc/en/index.html?can=7339
T1,1.0,Inkluckcheen,BRITISH COLUMBIA,21,Lytton,181.25,INKLUCKCHEEN 21,21,BC,7340,https://clss.nrcan-rncan.gc.ca/mb-nc/en/index.html?can=7340
T1,1.0,Kleetlekut,BRITISH COLUMBIA,22,Lytton,300.0,KLEETLEKUT 22,22,BC,7341,https://clss.nrcan-rncan.gc.ca/mb-nc/en/index.html?can=7341
T1,1.0,Nohomeen,BRITISH COLUMBIA,23,Lytton,32.0,NOHOMEEN 23,23,BC,7343,https://clss.nrcan-rncan.gc.ca/mb-nc/en/index.html?can=7343
T1,1.0,Tuckozap,BRITISH COLUMBIA,24,Lytton,211.0,TUCKOZAP 24,24,BC,7344,https://clss.nrcan-rncan.gc.ca/mb-nc/en/index.html?can=7344
T1,1.0,Nickeyeah,BRITISH COLUMBIA,25,Lytton,246.5,NICKEYEAH 25,25,BC,7345,https://clss.nrcan-rncan.gc.ca/mb-nc/en/index.html?can=7345
T1,1.0,Skwayaynope,BRITISH COLUMBIA,26,Lytton,237.0,SKWAYAYNOPE 26,26,BC,7346,https://clss.nrcan-rncan.gc.ca/mb-nc/en/index.html?can=7346
T1,1.0,Papyum,BRITISH COLUMBIA,27,Lytton,129.0,PAPYUM 27,27,BC,7348,https://clss.nrcan-rncan.gc.ca/mb-nc/en/index.html?can=7348
T1,1.0,Nicomen,BRITISH COLUMBIA,1,Nicomen,151.5,NICOMEN 1,1,BC,7232,https://clss.nrcan-rncan.gc.ca/mb-nc/en/index.html?can=7232
T1,1.0,Kykinalko,BRITISH COLUMBIA,2,Nicomen,130.0,KYKINALKO 2,2,BC,7233,https://clss.nrcan-rncan.gc.ca/mb-nc/en/index.html?can=7233
T1,1.0,Sackum,BRITISH COLUMBIA,3,Nicomen,20.0,SACKUM 3,3,BC,7234,https://clss.nrcan-rncan.gc.ca/mb-nc/en/index.html?can=7234
T4,0.875,Grave-yard,BRITISH COLUMBIA,,Nicomen,1.53,GRAVEYARD 5,5,BC,8028,https://clss.nrcan-rncan.gc.ca/mb-nc/en/index.html?can=8028
T1,1.0,Skhpowtz,BRITISH COLUMBIA,4,Nicomen,16.0,SKHPOWTZ 4,4,BC,7236,https://clss.nrcan-rncan.gc.ca/mb-nc/en/index.html?can=7236
T1,1.0,Klahkowit,BRITISH COLUMBIA,5,Nicomen,197.0,KLAHKOWIT 5,5,BC,7237,https://clss.nrcan-rncan.gc.ca/mb-nc/en/index.html?can=7237
T1,1.0,Sleetsis,BRITISH COLUMBIA,6,Nicomen,22.0,SLEETSIS 6,6,BC,7238,https://clss.nrcan-rncan.gc.ca/mb-nc/en/index.html?can=7238
T1,1.0,Shoskhost,BRITISH COLUMBIA,7,Nicomen,19.0,SHOSKHOST 7,7,BC,7239,https://clss.nrcan-rncan.gc.ca/mb-nc/en/index.html?can=7239
T1,1.0,Unpukpulquatum,BRITISH COLUMBIA,8,Nicomen,6.5,UNPUKPULQUATUM 8,8,BC,7240,https://clss.nrcan-rncan.gc.ca/mb-nc/en/index.html?can=7240
T1,1.0,Skeikut,BRITISH COLUMBIA,9,Nicomen,390.0,SKEIKUT 9,9,BC,7241,https://clss.nrcan-rncan.gc.ca/mb-nc/en/index.html?can=7241
T1,1.0,Squianny,BRITISH COLUMBIA,10,Nicomen,1520.0,SQUIANNY 10,10,BC,7242,https://clss.nrcan-rncan.gc.ca/mb-nc/en/index.html?can=7242
T1,1.0,Enhalt,BRITISH COLUMBIA,11,Nicomen,140.0,ENHALT 11,11,BC,7243,https://clss.nrcan-rncan.gc.ca/mb-nc/en/index.html?can=7243
T1,1.0,Skaynaneichst,BRITISH COLUMBIA,12,Nicomen,200.0,SKAYNANEICHST 12,12,BC,7244,https://clss.nrcan-rncan.gc.ca/mb-nc/en/index.html?can=7244
T1,1.0,Naykikoulth,BRITISH COLUMBIA,13,Nicomen,152.0,NAYKIKOULTH 13,13,BC,7245,https://clss.nrcan-rncan.gc.ca/mb-nc/en/index.html?can=7245
T1,1.0,Shuouchten,BRITISH COLUMBIA,15,Nicomen,10.5,SHUOUCHTEN 15,15,BC,7247,https://clss.nrcan-rncan.gc.ca/mb-nc/en/index.html?can=7247
T1,1.0,Nicola Mameet,BRITISH COLUMBIA,1,Nicola (Lower),11356.0,NICOLA MAMEET 1,1,BC,7223,https://clss.nrcan-rncan.gc.ca/mb-nc/en/index.html?can=7223
T1,1.0,Joeyaska,BRITISH COLUMBIA,2,Nicola (Lower),320.0,JOEYASKA 2,2,BC,7224,https://clss.nrcan-rncan.gc.ca/mb-nc/en/index.html?can=7224
T1,1.0,Pipseul,BRITISH COLUMBIA,3,Nicola (Lower),220.0,PIPSEUL 3,3,BC,7225,https://clss.nrcan-rncan.gc.ca/mb-nc/en/index.html?can=7225
T1,1.0,Zoht No. 1,BRITISH COLUMBIA,4,Nicola (Lower),500.0,ZOHT 4,4,BC,7226,https://clss.nrcan-rncan.gc.ca/mb-nc/en/index.html?can=7226
T1,1.0,Zoht No. 2,BRITISH COLUMBIA,5,Nicola (Lower),160.0,ZOHT 5,5,BC,7227,https://clss.nrcan-rncan.gc.ca/mb-nc/en/index.html?can=7227
T1,1.0,Logan's,BRITISH COLUMBIA,6,Nicola (Lower),45.0,LOGAN'S 6,6,BC,7228,https://clss.nrcan-rncan.gc.ca/mb-nc/en/index.html?can=7228
T1,1.0,Hamilton Creek,BRITISH COLUMBIA,7,Nicola (Lower),4400.0,HAMILTON CREEK 7,7,BC,7229,https://clss.nrcan-rncan.gc.ca/mb-nc/en/index.html?can=7229
T1,1.0,Speous,BRITISH COLUMBIA,8,Nicola (Lower),280.0,SPEOUS 8,8,BC,7230,https://clss.nrcan-rncan.gc.ca/mb-nc/en/index.html?can=7230
T1,1.0,Nooaitch Grass,BRITISH COLUMBIA,9,Nicola (Lower),1960.0,NOOAITCH GRASS 9,9,BC,7259,https://clss.nrcan-rncan.gc.ca/mb-nc/en/index.html?can=7259
T1,1.0,Nooaitch,BRITISH COLUMBIA,10,Nicola (Lower),2310.0,NOOAITCH 10,10,BC,7260,https://clss.nrcan-rncan.gc.ca/mb-nc/en/index.html?can=7260
T1,1.0,Shackan,BRITISH COLUMBIA,11,Nicola (Lower),6470.0,SHACKAN 11,11,BC,7256,https://clss.nrcan-rncan.gc.ca/mb-nc/en/index.html?can=7256
T1,1.0,Soldatquo,BRITISH COLUMBIA,12,Nicola (Lower),2440.0,SOLDATQUO 12,12,BC,7257,https://clss.nrcan-rncan.gc.ca/mb-nc/en/index.html?can=7257
T1,1.0,Papsilqua,BRITISH COLUMBIA,13,Nicola (Lower),730.0,PAPSILQUA 13,13,BC,7258,https://clss.nrcan-rncan.gc.ca/mb-nc/en/index.html?can=7258
T1,1.0,Nicola Lake,BRITISH COLUMBIA,1,Nicola (Upper),2692.0,NICOLA LAKE 1,1,BC,7248,https://clss.nrcan-rncan.gc.ca/mb-nc/en/index.html?can=7248
T1,1.0,Hamilton Creek Fishery or Quilchena,BRITISH COLUMBIA,2,Nicola (Upper),60.0,HAMILTON CREEK 2,2,BC,7249,https://clss.nrcan-rncan.gc.ca/mb-nc/en/index.html?can=7249
T1,1.0,Douglas Lake,BRITISH COLUMBIA,3,Nicola (Upper),23.047,DOUGLAS LAKE 3,3,BC,7250,https://clss.nrcan-rncan.gc.ca/mb-nc/en/index.html?can=7250
T1,1.0,Spahomin Creek,BRITISH COLUMBIA,4,Nicola (Upper),320.0,SPAHOMIN CREEK 4,4,BC,7251,https://clss.nrcan-rncan.gc.ca/mb-nc/en/index.html?can=7251
T1,1.0,Chapperon Lake,BRITISH COLUMBIA,5,Nicola (Upper),725.0,CHAPPERON LAKE 5,5,BC,7252,https://clss.nrcan-rncan.gc.ca/mb-nc/en/index.html?can=7252
T1,1.0,Chapperon Creek Fishery,BRITISH COLUMBIA,6,Nicola (Upper),15.0,CHAPPERON CREEK 6,6,BC,7253,https://clss.nrcan-rncan.gc.ca/mb-nc/en/index.html?can=7253
T1,1.0,Salmon Lake,BRITISH COLUMBIA,7,Nicola (Upper),172.0,SALMON LAKE 7,7,BC,7254,https://clss.nrcan-rncan.gc.ca/mb-nc/en/index.html?can=7254
T1,1.0,Spahomin Creek,BRITISH COLUMBIA,8,Nicola (Upper),3857.0,SPAHOMIN CREEK 8,8,BC,7255,https://clss.nrcan-rncan.gc.ca/mb-nc/en/index.html?can=7255
T4,1.0,"Neskainlith, No. 1",BRITISH COLUMBIA,1,Neskainlith Halaut,3245.0,AIN 6,6,BC,7669,https://clss.nrcan-rncan.gc.ca/mb-nc/en/index.html?can=7669
T4,1.0,"Neskainlith, No. 2",BRITISH COLUMBIA,2,Neskainlith Halaut,2456.0,AIN 6,6,BC,7669,https://clss.nrcan-rncan.gc.ca/mb-nc/en/index.html?can=7669
T1,1.0,Switsemalph,BRITISH COLUMBIA,3,Neskainlith Halaut,1295.0,SWITSEMALPH INDIAN RESERVE NO. 3,3,BC,7185,https://clss.nrcan-rncan.gc.ca/mb-nc/en/index.html?can=7185
T3,1.0,North Thompson,BRITISH COLUMBIA,,North Thompson and Canoe Lake,3220.0,NORTH THOMPSON 1,1,BC,7186,https://clss.nrcan-rncan.gc.ca/mb-nc/en/index.html?can=7186
T3,1.0,Barriere River,BRITISH COLUMBIA,3,North Thompson and Canoe Lake,6.0,BARRIERE RIVER 3A,3A,BC,7188,https://clss.nrcan-rncan.gc.ca/mb-nc/en/index.html?can=7188
T1,1.0,Okanagan,BRITISH COLUMBIA,1,Okanagan,25.539,OKANAGAN 1,1,BC,7390,https://clss.nrcan-rncan.gc.ca/mb-nc/en/index.html?can=7390
T1,1.0,Otter Lake,BRITISH COLUMBIA,2,Okanagan,62.0,OTTER LAKE 2,2,BC,7391,https://clss.nrcan-rncan.gc.ca/mb-nc/en/index.html?can=7391
T1,1.0,Priest's Valley,BRITISH COLUMBIA,6,Okanagan,83.0,PRIEST'S VALLEY 6,6,BC,7393,https://clss.nrcan-rncan.gc.ca/mb-nc/en/index.html?can=7393
T1,1.0,Duck Lake,BRITISH COLUMBIA,7,Okanagan,457.0,DUCK LAKE 7,7,BC,7394,https://clss.nrcan-rncan.gc.ca/mb-nc/en/index.html?can=7394
T1,1.0,Mission Creek,BRITISH COLUMBIA,8,Okanagan,55.0,MISSION CREEK 8,8,BC,7419,https://clss.nrcan-rncan.gc.ca/mb-nc/en/index.html?can=7419
T1,1.0,Tsinstikeptum,BRITISH COLUMBIA,9,Okanagan,2438.0,TSINSTIKEPTUM 9,9,BC,7420,https://clss.nrcan-rncan.gc.ca/mb-nc/en/index.html?can=7420
T1,1.0,Hay Meadow,BRITISH COLUMBIA,1,Oregon Jack Creek,30.0,HAY MEADOW 1,1,BC,7191,https://clss.nrcan-rncan.gc.ca/mb-nc/en/index.html?can=7191
T1,1.0,Osoyoos,BRITISH COLUMBIA,1,Osoyoos,32.097,OSOYOOS INDIAN RESERVE NO. 1,1,BC,7395,https://clss.nrcan-rncan.gc.ca/mb-nc/en/index.html?can=7395
T1,1.0,Penticton,BRITISH COLUMBIA,1,Penticton,47.829,PENTICTON 1,1,BC,7397,https://clss.nrcan-rncan.gc.ca/mb-nc/en/index.html?can=7397
T1,1.0,Quaaout,BRITISH COLUMBIA,1,Little Shuswap Lake (Knaut),4265.0,QUAAOUT 1,1,BC,7178,https://clss.nrcan-rncan.gc.ca/mb-nc/en/index.html?can=7178
T1,1.0,Chum Creek,BRITISH COLUMBIA,2,Little Shuswap Lake (Knaut),600.0,CHUM CREEK 2,2,BC,7179,https://clss.nrcan-rncan.gc.ca/mb-nc/en/index.html?can=7179
T1,1.0,Scotch Creek,BRITISH COLUMBIA,4,Little Shuswap Lake (Knaut),2105.0,SCOTCH CREEK 4,4,BC,7181,https://clss.nrcan-rncan.gc.ca/mb-nc/en/index.html?can=7181
T1,1.0,North Bay,BRITISH COLUMBIA,5,Little Shuswap Lake (Knaut),810.0,NORTH BAY 5,5,BC,7182,https://clss.nrcan-rncan.gc.ca/mb-nc/en/index.html?can=7182
T1,1.0,Narcisse's Farm,BRITISH COLUMBIA,4,Similkameen (Lower),1854.0,NARCISSE'S FARM 4,4,BC,7400,https://clss.nrcan-rncan.gc.ca/mb-nc/en/index.html?can=7400
T1,1.0,Blind Creek,BRITISH COLUMBIA,6,Similkameen (Lower),400.0,BLIND CREEK 6,6,BC,7401,https://clss.nrcan-rncan.gc.ca/mb-nc/en/index.html?can=7401
T1,1.0,Alexis,BRITISH COLUMBIA,9,Similkameen (Lower),429.0,ALEXIS 9,9,BC,7404,https://clss.nrcan-rncan.gc.ca/mb-nc/en/index.html?can=7404
T1,1.0,Ashnola,BRITISH COLUMBIA,10,Similkameen (Lower),4153.0,ASHNOLA 10,10,BC,7405,https://clss.nrcan-rncan.gc.ca/mb-nc/en/index.html?can=7405
T3,1.0,Ashnola,BRITISH COLUMBIA,10A,Similkameen (Lower),3724.0,ASHNOLA 10,10,BC,7405,https://clss.nrcan-rncan.gc.ca/mb-nc/en/index.html?can=7405
T3,1.0,Ashnola,BRITISH COLUMBIA,10B,Similkameen (Lower),411.0,ASHNOLA 10,10,BC,7405,https://clss.nrcan-rncan.gc.ca/mb-nc/en/index.html?can=7405
T4,1.0,Ashnola John's,BRITISH COLUMBIA,11,Similkameen (Lower),585.0,ASHNOLA 10,10,BC,7405,https://clss.nrcan-rncan.gc.ca/mb-nc/en/index.html?can=7405
T1,1.0,Vermilion Forks,BRITISH COLUMBIA,1,Similkameen (Upper),26.0,VERMILION FORKS 1,1,BC,7409,https://clss.nrcan-rncan.gc.ca/mb-nc/en/index.html?can=7409
T1,1.0,Chuchuwayha,BRITISH COLUMBIA,2,Similkameen (Upper),4387.0,CHUCHUWAYHA 2,2,BC,7410,https://clss.nrcan-rncan.gc.ca/mb-nc/en/index.html?can=7410
T1,1.0,Wolf Creek or Yakhlkaywalick,BRITISH COLUMBIA,3,Similkameen (Upper),518.0,WOLF CREEK 3,3,BC,7412,https://clss.nrcan-rncan.gc.ca/mb-nc/en/index.html?can=7412
T1,1.0,Nine Mile Creek,BRITISH COLUMBIA,4,Similkameen (Upper),198.0,NINE MILE CREEK 4,4,BC,7413,https://clss.nrcan-rncan.gc.ca/mb-nc/en/index.html?can=7413
T1,1.0,Lulu,BRITISH COLUMBIA,5,Similkameen (Upper),50.0,LULU 5,5,BC,7414,https://clss.nrcan-rncan.gc.ca/mb-nc/en/index.html?can=7414
T1,1.0,Iltcoola,BRITISH COLUMBIA,7,Similkameen (Upper),42.0,ILTCOOLA INDIAN RESERVE NO. 7,7,BC,9966,https://clss.nrcan-rncan.gc.ca/mb-nc/en/index.html?can=9966
T1,1.0,Kupchynalth (Upper),BRITISH COLUMBIA,1,Siska Flat,20.0,KUPCHYNALTH 1,1,BC,7355,https://clss.nrcan-rncan.gc.ca/mb-nc/en/index.html?can=7355
T1,1.0,Kupchynalth (Lower),BRITISH COLUMBIA,2,Siska Flat,15.5,KUPCHYNALTH 2,2,BC,7356,https://clss.nrcan-rncan.gc.ca/mb-nc/en/index.html?can=7356
T1,1.0,Siska Flat,BRITISH COLUMBIA,3,Siska Flat,91.0,SISKA FLAT 3,3,BC,7357,https://clss.nrcan-rncan.gc.ca/mb-nc/en/index.html?can=7357
T4,0.875,Grave-yard,BRITISH COLUMBIA,4,Siska Flat,0.62,GRAVEYARD 5,5,BC,8028,https://clss.nrcan-rncan.gc.ca/mb-nc/en/index.html?can=8028
T1,1.0,Zacht,BRITISH COLUMBIA,5,Siska Flat,60.0,ZACHT 5,5,BC,7359,https://clss.nrcan-rncan.gc.ca/mb-nc/en/index.html?can=7359
T1,1.0,Nahamanak,BRITISH COLUMBIA,7,Siska Flat,362.0,NAHAMANAK 7,7,BC,7364,https://clss.nrcan-rncan.gc.ca/mb-nc/en/index.html?can=7364
T1,1.0,Inklyuhkinatko,BRITISH COLUMBIA,2,Skuppah,169.0,INKLYUHKINATKO 2,2,BC,7367,https://clss.nrcan-rncan.gc.ca/mb-nc/en/index.html?can=7367
T1,1.0,Pooeyelth,BRITISH COLUMBIA,3,Skuppah,20.0,POOEYELTH 3,3,BC,7370,https://clss.nrcan-rncan.gc.ca/mb-nc/en/index.html?can=7370
T1,1.0,Skuppah,BRITISH COLUMBIA,4,Skuppah,59.0,SKUPPAH 4,4,BC,7372,https://clss.nrcan-rncan.gc.ca/mb-nc/en/index.html?can=7372
T1,1.0,Enderby,BRITISH COLUMBIA,2,Spallumcheen,5625.0,ENDERBY 2,2,BC,7417,https://clss.nrcan-rncan.gc.ca/mb-nc/en/index.html?can=7417
T4,0.875,Grave-yard,BRITISH COLUMBIA,,Spallumcheen,0.75,GRAVEYARD 5,5,BC,8028,https://clss.nrcan-rncan.gc.ca/mb-nc/en/index.html?can=8028
T1,1.0,Sicamous,BRITISH COLUMBIA,3,Spallumcheen,209.0,SICAMOUS 3,3,BC,7418,https://clss.nrcan-rncan.gc.ca/mb-nc/en/index.html?can=7418
T1,1.0,Spuzzum,BRITISH COLUMBIA,1,Spuzzum,302.0,SPUZZUM 1,1,BC,7374,https://clss.nrcan-rncan.gc.ca/mb-nc/en/index.html?can=7374
T1,1.0,Papsilqua,BRITISH COLUMBIA,2,Spuzzum,41.0,PAPSILQUA 2,2,BC,7376,https://clss.nrcan-rncan.gc.ca/mb-nc/en/index.html?can=7376
T1,1.0,Teequaloose,BRITISH COLUMBIA,3,Spuzzum,19.0,TEEQUALOOSE 3,3,BC,7379,https://clss.nrcan-rncan.gc.ca/mb-nc/en/index.html?can=7379
T1,1.0,Yelakin,BRITISH COLUMBIA,4,Spuzzum,72.5,YELAKIN 4,4,BC,7381,https://clss.nrcan-rncan.gc.ca/mb-nc/en/index.html?can=7381
T1,1.0,Long Tunnel,BRITISH COLUMBIA,5,Spuzzum,8.0,LONG TUNNEL 5,5,BC,7383,https://clss.nrcan-rncan.gc.ca/mb-nc/en/index.html?can=7383
T1,1.0,Skuet,BRITISH COLUMBIA,6,Spuzzum,13.5,SKUET 6,6,BC,7385,https://clss.nrcan-rncan.gc.ca/mb-nc/en/index.html?can=7385
T1,1.0,Coldwater,BRITISH COLUMBIA,1,"Lower Nicola, Spuzzum, Boston Bar, Boothroyd, Siska, Upper Similkameen, in common.",4640.0,COLDWATER 1,1,BC,7197,https://clss.nrcan-rncan.gc.ca/mb-nc/en/index.html?can=7197
T1,1.0,Paul's Basin,BRITISH COLUMBIA,2,,1594.0,PAUL'S BASIN 2,2,BC,7199,https://clss.nrcan-rncan.gc.ca/mb-nc/en/index.html?can=7199
T1,1.0,Kootenay,BRITISH COLUMBIA,1,Kootenay,17425.0,KOOTENAY 1,1,BC,7422,https://clss.nrcan-rncan.gc.ca/mb-nc/en/index.html?can=7422
T1,1.0,Tobacco Plains,BRITISH COLUMBIA,2,Kootenay,10560.0,TOBACCO PLAINS 2,2,BC,7426,https://clss.nrcan-rncan.gc.ca/mb-nc/en/index.html?can=7426
T1,1.0,Columbia Lake,BRITISH COLUMBIA,3,Kootenay,8456.0,COLUMBIA LAKE 3,3,BC,7427,https://clss.nrcan-rncan.gc.ca/mb-nc/en/index.html?can=7427
T1,0.923,Isidores Ranch,BRITISH COLUMBIA,4,Kootenay,680.0,ISIDORE'S RANCH 4,4,BC,7423,https://clss.nrcan-rncan.gc.ca/mb-nc/en/index.html?can=7423
T1,1.0,Cassimayooks,BRITISH COLUMBIA,5,Kootenay,160.0,CASSIMAYOOKS 5,5,BC,7424,https://clss.nrcan-rncan.gc.ca/mb-nc/en/index.html?can=7424
T1,1.0,Bummers Flat,BRITISH COLUMBIA,6,Kootenay,190.0,BUMMERS FLAT 6,6,BC,7425,https://clss.nrcan-rncan.gc.ca/mb-nc/en/index.html?can=7425
T3,1.0,Shuswap,BRITISH COLUMBIA,,"Shuswap, Kinbasket's band",2759.0,SHUSWAP,,BC,7428,https://clss.nrcan-rncan.gc.ca/mb-nc/en/index.html?can=7428
T1,1.0,Fort Rupert or Tsa-kis,BRITISH COLUMBIA,1,"Fort Rupert, Kwawkewlth",4.25,FORT RUPERT 1,1,BC,6984,https://clss.nrcan-rncan.gc.ca/mb-nc/en/index.html?can=6984
T1,1.0,Shell Island,BRITISH COLUMBIA,3,"Fort Rupert, Kwawkewlth",0.7,SHELL ISLAND 3,3,BC,6986,https://clss.nrcan-rncan.gc.ca/mb-nc/en/index.html?can=6986
T1,1.0,Thomas Point,BRITISH COLUMBIA,5,"Fort Rupert, Kwawkewlth",42.3,THOMAS POINT 5,5,BC,6988,https://clss.nrcan-rncan.gc.ca/mb-nc/en/index.html?can=6988
T1,1.0,Keogh,BRITISH COLUMBIA,6,"Fort Rupert, Kwawkewlth",4.5,KEOGH 6,6,BC,6990,https://clss.nrcan-rncan.gc.ca/mb-nc/en/index.html?can=6990
T1,1.0,Klickseewy,BRITISH COLUMBIA,7,"Fort Rupert, Kwawkewlth",134.8,KLICKSEEWY 7,7,BC,6991,https://clss.nrcan-rncan.gc.ca/mb-nc/en/index.html?can=6991
T1,1.0,Gwayasdums,BRITISH COLUMBIA,1,Gilford Island; Tsah-waw-ti-neuch,62.9,GWAYASDUMS 1,1,BC,6978,https://clss.nrcan-rncan.gc.ca/mb-nc/en/index.html?can=6978
T1,1.0,Kunstamis,BRITISH COLUMBIA,2,Kwaw-waw-i-nuck,17.2,KUNSTAMIS 2,2,BC,7018,https://clss.nrcan-rncan.gc.ca/mb-nc/en/index.html?can=7018
T1,1.0,Keogh,BRITISH COLUMBIA,3,Kwaw-waw-i-nuck,10.5,KEOGH 3,3,BC,7020,https://clss.nrcan-rncan.gc.ca/mb-nc/en/index.html?can=7020
T1,1.0,Quay,BRITISH COLUMBIA,4,Kwaw-waw-i-nuck,10.0,QUAY 4,4,BC,7021,https://clss.nrcan-rncan.gc.ca/mb-nc/en/index.html?can=7021
T1,1.0,Lawanth,BRITISH COLUMBIA,5,Kwaw-waw-i-nuck,14.0,LAWANTH 5,5,BC,7022,https://clss.nrcan-rncan.gc.ca/mb-nc/en/index.html?can=7022
T1,1.0,Gleyka,BRITISH COLUMBIA,6,Kwaw-waw-i-nuck,8.0,GLEYKA 6,6,BC,7023,https://clss.nrcan-rncan.gc.ca/mb-nc/en/index.html?can=7023
T1,1.0,Quaee,BRITISH COLUMBIA,7,Kwaw-waw-i-nuck,432.0,QUAEE 7,7,BC,7102,https://clss.nrcan-rncan.gc.ca/mb-nc/en/index.html?can=7102
T3,1.0,Alalco,BRITISH COLUMBIA,8,Kwaw-waw-i-nuck,293.2,ALALCO 8,8,BC,6976,https://clss.nrcan-rncan.gc.ca/mb-nc/en/index.html?can=6976
T4,0.875,Grave-yard,BRITISH COLUMBIA,9,Kwaw-waw-i-nuck,4.0,GRAVEYARD 5,5,BC,8028,https://clss.nrcan-rncan.gc.ca/mb-nc/en/index.html?can=8028
T1,1.0,Telaise,BRITISH COLUMBIA,1,Klaskino,48.0,TELAISE 1,1,BC,9031,https://clss.nrcan-rncan.gc.ca/mb-nc/en/index.html?can=9031
T1,1.0,Tsowenachs,BRITISH COLUMBIA,2,Klaskino,55.0,TSOWENACHS 2,2,BC,9032,https://clss.nrcan-rncan.gc.ca/mb-nc/en/index.html?can=9032
T1,1.0,Klaskish,BRITISH COLUMBIA,3,Klaskino,12.5,KLASKISH 3,3,BC,7064,https://clss.nrcan-rncan.gc.ca/mb-nc/en/index.html?can=7064
T1,1.0,Tsawwati,BRITISH COLUMBIA,1,Tanock-teuch and Ahwaheet-tlala bands,404.0,TSAWWATI 1,1,BC,7091,https://clss.nrcan-rncan.gc.ca/mb-nc/en/index.html?can=7091
T1,1.0,Keogh,BRITISH COLUMBIA,2,Tanock-teuch and Ahwaheet-tlala bands,108.2,KEOGH 2,2,BC,7092,https://clss.nrcan-rncan.gc.ca/mb-nc/en/index.html?can=7092
T1,1.0,Kwatse,BRITISH COLUMBIA,3,Tanock-teuch and Ahwaheet-tlala bands,51.0,KWATSE 3,3,BC,7093,https://clss.nrcan-rncan.gc.ca/mb-nc/en/index.html?can=7093
T4,0.875,Grave-yard,BRITISH COLUMBIA,4,Tanock-teuch and Ahwaheet-tlala bands,5.5,GRAVEYARD 5,5,BC,8028,https://clss.nrcan-rncan.gc.ca/mb-nc/en/index.html?can=8028
T1,1.0,Homayno,BRITISH COLUMBIA,2,We-way-akum and Kwe-ahkah bands,38.0,HOMAYNO 2,2,BC,6961,https://clss.nrcan-rncan.gc.ca/mb-nc/en/index.html?can=6961
T1,1.0,Loughborough,BRITISH COLUMBIA,3,We-way-akum and kwe-ahkah bands,21.0,LOUGHBOROUGH 3,3,BC,6962,https://clss.nrcan-rncan.gc.ca/mb-nc/en/index.html?can=6962
T1,1.0,Matlaten,BRITISH COLUMBIA,4,We-way-akum and Kwe-ahkah bands,96.0,MATLATEN 4,4,BC,6963,https://clss.nrcan-rncan.gc.ca/mb-nc/en/index.html?can=6963
T1,1.0,Matsayno,BRITISH COLUMBIA,5,We-way-akum and Kwe-ahkah bands,118.5,MATSAYNO 5,5,BC,7028,https://clss.nrcan-rncan.gc.ca/mb-nc/en/index.html?can=7028
T1,1.0,Saaiyouck,BRITISH COLUMBIA,6,We-way-akum and Kew-ahkah bands,51.5,SAAIYOUCK 6,6,BC,7029,https://clss.nrcan-rncan.gc.ca/mb-nc/en/index.html?can=7029
T1,1.0,Village Bay,BRITISH COLUMBIA,7,We-way-akay band,11.0,VILLAGE BAY 7,7,BC,6965,https://clss.nrcan-rncan.gc.ca/mb-nc/en/index.html?can=6965
T1,1.0,Open Bay,BRITISH COLUMBIA,8,We-way-akay band,9.0,OPEN BAY 8,8,BC,6966,https://clss.nrcan-rncan.gc.ca/mb-nc/en/index.html?can=6966
T1,1.0,Drew Harbour,BRITISH COLUMBIA,9,We-way-akay band,240.5,DREW HARBOUR 9,9,BC,6967,https://clss.nrcan-rncan.gc.ca/mb-nc/en/index.html?can=6967
T1,1.0,Cape Mudge,BRITISH COLUMBIA,10,We-way-akay band,1117.5,CAPE MUDGE 10,10,BC,6968,https://clss.nrcan-rncan.gc.ca/mb-nc/en/index.html?can=6968
T1,1.0,Campbell River,BRITISH COLUMBIA,11,We-way-akay band,350.5,CAMPBELL RIVER INDIAN RESERVE NO. 11,11,BC,6964,https://clss.nrcan-rncan.gc.ca/mb-nc/en/index.html?can=6964
T1,1.0,Quinsam,BRITISH COLUMBIA,12,We-way-akay band,287.5,QUINSAM INDIAN RESERVE NO. 12,12,BC,6969,https://clss.nrcan-rncan.gc.ca/mb-nc/en/index.html?can=6969
T1,1.0,Etsekin,BRITISH COLUMBIA,1,Mahteelthpe,32.5,ETSEKIN 1,1,BC,7108,https://clss.nrcan-rncan.gc.ca/mb-nc/en/index.html?can=7108
T1,1.0,"Keecekiltum, or Port Harvey",BRITISH COLUMBIA,2,Mahteelthpe,29.0,KEECEKILTUM 2,2,BC,7109,https://clss.nrcan-rncan.gc.ca/mb-nc/en/index.html?can=7109
T1,1.0,Haylahte,BRITISH COLUMBIA,3,Mahteelthpe,47.0,HAYLAHTE 3,3,BC,7110,https://clss.nrcan-rncan.gc.ca/mb-nc/en/index.html?can=7110
T1,1.0,"Port Neville, or Harkhom",BRITISH COLUMBIA,4,Mahteelthpe,36.7,PORT NEVILLE 4,4,BC,7111,https://clss.nrcan-rncan.gc.ca/mb-nc/en/index.html?can=7111
T1,1.0,Kequesta,BRITISH COLUMBIA,1,Nahkwockto,174.0,KEQUESTA 1,1,BC,6993,https://clss.nrcan-rncan.gc.ca/mb-nc/en/index.html?can=6993
T4,0.875,Grave-yard,BRITISH COLUMBIA,2,Nahkwockto,0.16,GRAVEYARD 5,5,BC,8028,https://clss.nrcan-rncan.gc.ca/mb-nc/en/index.html?can=8028
T1,1.0,Pahas,BRITISH COLUMBIA,3,Nahkwockto,98.0,PAHAS 3,3,BC,6995,https://clss.nrcan-rncan.gc.ca/mb-nc/en/index.html?can=6995
T1,1.0,Mahpahkum,BRITISH COLUMBIA,4,Nahkwockto,19.0,MAHPAHKUM 4,4,BC,6996,https://clss.nrcan-rncan.gc.ca/mb-nc/en/index.html?can=6996
T1,1.0,Ta-a-ack,BRITISH COLUMBIA,5,Nahkwockto,34.0,TA-A-ACK 5,5,BC,6997,https://clss.nrcan-rncan.gc.ca/mb-nc/en/index.html?can=6997
T1,1.0,Saagoombahlah,BRITISH COLUMBIA,6,Nahkwockto,4.5,SAAGOOMBAHLAH 6,6,BC,6998,https://clss.nrcan-rncan.gc.ca/mb-nc/en/index.html?can=6998
T1,1.0,Kwetahkis,BRITISH COLUMBIA,9,Nahkwockto,10.0,KWETAHKIS 9,9,BC,7001,https://clss.nrcan-rncan.gc.ca/mb-nc/en/index.html?can=7001
T1,1.0,Owh-wis-too-a-wan,BRITISH COLUMBIA,10,Nahkwockto,13.0,OWH-WIS-TOO-A-WAN 10,10,BC,7002,https://clss.nrcan-rncan.gc.ca/mb-nc/en/index.html?can=7002
T1,1.0,Peneece,BRITISH COLUMBIA,11,Nahkwockto,8.0,PENEECE 11,11,BC,7003,https://clss.nrcan-rncan.gc.ca/mb-nc/en/index.html?can=7003
T1,1.0,Wawwat'l,BRITISH COLUMBIA,12,Nahkwockto,165.0,WAWWAT'L 12,12,BC,7004,https://clss.nrcan-rncan.gc.ca/mb-nc/en/index.html?can=7004
T1,1.0,Tsai-kwi-ee,BRITISH COLUMBIA,13,Nahkwockto,11.0,TSAI-KWI-EE 13,13,BC,7005,https://clss.nrcan-rncan.gc.ca/mb-nc/en/index.html?can=7005
T1,1.0,Ko-kwi-iss,BRITISH COLUMBIA,14,Nahkwockto,15.8,KO-KWI-ISS 14,14,BC,7006,https://clss.nrcan-rncan.gc.ca/mb-nc/en/index.html?can=7006
T1,1.0,Kai-too-kwis,BRITISH COLUMBIA,15,Nahkwockto,51.0,KAI-TOO-KWIS 15,15,BC,7007,https://clss.nrcan-rncan.gc.ca/mb-nc/en/index.html?can=7007
T1,1.0,Waump,BRITISH COLUMBIA,16,Nahkwockto,92.8,WAUMP 16,16,BC,7008,https://clss.nrcan-rncan.gc.ca/mb-nc/en/index.html?can=7008
T1,1.0,Pel-looth'l-kai,BRITISH COLUMBIA,17,Nahkwockto,4.0,PEL-LOOTH'L KAI 17,17,BC,7009,https://clss.nrcan-rncan.gc.ca/mb-nc/en/index.html?can=7009
T3,1.0,Hope Island,BRITISH COLUMBIA,1,Nahwitti,8552.0,HOPE ISLAND 1,1,BC,7058,https://clss.nrcan-rncan.gc.ca/mb-nc/en/index.html?can=7058
T1,1.0,Semach,BRITISH COLUMBIA,2,Nahwitti,6.0,SEMACH 2,2,BC,7059,https://clss.nrcan-rncan.gc.ca/mb-nc/en/index.html?can=7059
T1,1.0,Nahwitti,BRITISH COLUMBIA,4,Nahwitti,22.0,NAHWITTI 4,4,BC,7061,https://clss.nrcan-rncan.gc.ca/mb-nc/en/index.html?can=7061
T3,1.0,Glen-gla-ouch,BRITISH COLUMBIA,,Nahwitti,14.0,GLEN-GLA-OUCH 5,5,BC,7062,https://clss.nrcan-rncan.gc.ca/mb-nc/en/index.html?can=7062
T1,1.0,Alert Bay,BRITISH COLUMBIA,1,Nimkeesh,46.25,ALERT BAY 1,1,BC,7050,https://clss.nrcan-rncan.gc.ca/mb-nc/en/index.html?can=7050
T1,1.0,Ches-la-kee,BRITISH COLUMBIA,3,Nimkeesh,302.87,CHES-LA-KEE 3,3,BC,7053,https://clss.nrcan-rncan.gc.ca/mb-nc/en/index.html?can=7053
T1,1.0,Ar-ce-wy-ee,BRITISH COLUMBIA,4,Nimkeesh,41.5,AR-CE-WY-EE 4,4,BC,7054,https://clss.nrcan-rncan.gc.ca/mb-nc/en/index.html?can=7054
T1,1.0,O-tsaw-las,BRITISH COLUMBIA,5,Nimkeesh,53.25,O-TSAW-LAS 5,5,BC,7055,https://clss.nrcan-rncan.gc.ca/mb-nc/en/index.html?can=7055
T1,1.0,Quattishe,BRITISH COLUMBIA,1,Quatsino,228.0,QUATTISHE 1,1,BC,7065,https://clss.nrcan-rncan.gc.ca/mb-nc/en/index.html?can=7065
T1,1.0,Toh-quo-eugh,BRITISH COLUMBIA,2,Quatsino,1.5,TOH-QUO-EUGH 2,2,BC,7066,https://clss.nrcan-rncan.gc.ca/mb-nc/en/index.html?can=7066
T1,1.0,Pa-cat'l-lin-ne,BRITISH COLUMBIA,3,Quatsino,9.0,PA-CAT'L-LIN-NE 3,3,BC,7067,https://clss.nrcan-rncan.gc.ca/mb-nc/en/index.html?can=7067
T1,1.0,Kultah,BRITISH COLUMBIA,4,Quatsino,41.0,KULTAH 4,4,BC,7068,https://clss.nrcan-rncan.gc.ca/mb-nc/en/index.html?can=7068
T1,1.0,Cayilth,BRITISH COLUMBIA,5,Quatsino,11.5,CAYILTH 5,5,BC,7069,https://clss.nrcan-rncan.gc.ca/mb-nc/en/index.html?can=7069
T1,1.0,Cayuse,BRITISH COLUMBIA,6,Quatsino,94.0,CAYUSE 6,6,BC,7070,https://clss.nrcan-rncan.gc.ca/mb-nc/en/index.html?can=7070
T1,1.0,Teeta,BRITISH COLUMBIA,7,Quatsino,9.5,TEETA 7,7,BC,7071,https://clss.nrcan-rncan.gc.ca/mb-nc/en/index.html?can=7071
T1,1.0,Mah-te-nicht,BRITISH COLUMBIA,8,Quatsino,39.0,MAH-TE-NICHT 8,8,BC,7072,https://clss.nrcan-rncan.gc.ca/mb-nc/en/index.html?can=7072
T1,1.0,Clatux,BRITISH COLUMBIA,9,Quatsino,73.0,CLATUX 9,9,BC,7073,https://clss.nrcan-rncan.gc.ca/mb-nc/en/index.html?can=7073
T4,1.0,Fishery,BRITISH COLUMBIA,10,Quatsino,111.0,HISNIT FISHERY 34,34,BC,6871,https://clss.nrcan-rncan.gc.ca/mb-nc/en/index.html?can=6871
T1,1.0,O-ya-kum-la,BRITISH COLUMBIA,11,Quatsino,165.0,O-YA-KUM-LA 11,11,BC,7075,https://clss.nrcan-rncan.gc.ca/mb-nc/en/index.html?can=7075
T1,1.0,Quatleyo,BRITISH COLUMBIA,12,Quatsino,6.0,QUATLEYO 12,12,BC,7076,https://clss.nrcan-rncan.gc.ca/mb-nc/en/index.html?can=7076
T1,1.0,Grass Point,BRITISH COLUMBIA,13,Quatsino,8.5,GRASS POINT 13,13,BC,7077,https://clss.nrcan-rncan.gc.ca/mb-nc/en/index.html?can=7077
T1,1.0,Clienna,BRITISH COLUMBIA,14,Quatsino,50.0,CLIENNA 14,14,BC,7078,https://clss.nrcan-rncan.gc.ca/mb-nc/en/index.html?can=7078
T4,0.875,Grave-yard,BRITISH COLUMBIA,15,Quatsino,3.0,GRAVEYARD 5,5,BC,8028,https://clss.nrcan-rncan.gc.ca/mb-nc/en/index.html?can=8028
T1,1.0,Ah-we-cha-ol-to,BRITISH COLUMBIA,16,Quatsino,74.0,AH-WE-CHA-OL-TO 16,16,BC,7080,https://clss.nrcan-rncan.gc.ca/mb-nc/en/index.html?can=7080
T1,1.0,Wyclese,BRITISH COLUMBIA,1,Quawshelah,551.0,WYCLESE 1,1,BC,7011,https://clss.nrcan-rncan.gc.ca/mb-nc/en/index.html?can=7011
T1,1.0,Nekite,BRITISH COLUMBIA,2,Quawshelah,165.0,NEKITE 2,2,BC,7012,https://clss.nrcan-rncan.gc.ca/mb-nc/en/index.html?can=7012
T1,1.0,Karlukwees,BRITISH COLUMBIA,1,Turnour Island,26.75,KARLUKWEES 1,1,BC,7103,https://clss.nrcan-rncan.gc.ca/mb-nc/en/index.html?can=7103
T1,1.0,Mahmalillikullah,BRITISH COLUMBIA,1,Village Island,434.25,MAHMALILLIKULLAH 1,1,BC,7030,https://clss.nrcan-rncan.gc.ca/mb-nc/en/index.html?can=7030
T1,1.0,Meetup,BRITISH COLUMBIA,2,Village Island,15.75,MEETUP 2,2,BC,6979,https://clss.nrcan-rncan.gc.ca/mb-nc/en/index.html?can=6979
T1,1.0,Ahta,BRITISH COLUMBIA,3,Village Island,17.5,AHTA 3,3,BC,6980,https://clss.nrcan-rncan.gc.ca/mb-nc/en/index.html?can=6980
T1,1.0,Kakweken,BRITISH COLUMBIA,4,Village Island,10.0,KAKWEKEN 4,4,BC,6981,https://clss.nrcan-rncan.gc.ca/mb-nc/en/index.html?can=6981
T1,1.0,Dead Point,BRITISH COLUMBIA,5,Village Island,97.0,DEAD POINT 5,5,BC,7097,https://clss.nrcan-rncan.gc.ca/mb-nc/en/index.html?can=7097
T1,1.0,Bella Bella,BRITISH COLUMBIA,1,Bella Bella,1625.0,BELLA BELLA 1,1,BC,7857,https://clss.nrcan-rncan.gc.ca/mb-nc/en/index.html?can=7857
T1,1.0,Hoonees,BRITISH COLUMBIA,2,Bella Bella,21.0,HOONEES 2,2,BC,7859,https://clss.nrcan-rncan.gc.ca/mb-nc/en/index.html?can=7859
T1,1.0,Quartcha,BRITISH COLUMBIA,3,Bella Bella,32.0,QUARTCHA 3,3,BC,7860,https://clss.nrcan-rncan.gc.ca/mb-nc/en/index.html?can=7860
T1,1.0,Noota,BRITISH COLUMBIA,4,Bella Bella,16.5,NOOTA 4,4,BC,7861,https://clss.nrcan-rncan.gc.ca/mb-nc/en/index.html?can=7861
T1,1.0,Clatse,BRITISH COLUMBIA,5,Bella Bella,222.0,CLATSE 5,5,BC,7862,https://clss.nrcan-rncan.gc.ca/mb-nc/en/index.html?can=7862
T1,1.0,Elcho,BRITISH COLUMBIA,6,Bella Bella,80.0,ELCHO 6,6,BC,7863,https://clss.nrcan-rncan.gc.ca/mb-nc/en/index.html?can=7863
T1,1.0,Kisameet,BRITISH COLUMBIA,7,Bella Bella,13.0,KISAMEET 7,7,BC,7864,https://clss.nrcan-rncan.gc.ca/mb-nc/en/index.html?can=7864
T1,1.0,Howeet,BRITISH COLUMBIA,8,Bella Bella,610.0,HOWEET 8,8,BC,7865,https://clss.nrcan-rncan.gc.ca/mb-nc/en/index.html?can=7865
T1,1.0,Kunsoot,BRITISH COLUMBIA,9,Bella Bella,95.0,KUNSOOT 9,9,BC,7866,https://clss.nrcan-rncan.gc.ca/mb-nc/en/index.html?can=7866
T1,1.0,Werkinellek,BRITISH COLUMBIA,11,Bella Bella,63.0,WERKINELLEK 11,11,BC,7868,https://clss.nrcan-rncan.gc.ca/mb-nc/en/index.html?can=7868
T1,1.0,Yellertlee,BRITISH COLUMBIA,12,Bella Bella,161.5,YELLERTLEE 12,12,BC,7869,https://clss.nrcan-rncan.gc.ca/mb-nc/en/index.html?can=7869
T3,1.0,Bella Coola,BRITISH COLUMBIA,,Bella Coola,3363.0,BELLA COOLA 1,1,BC,7879,https://clss.nrcan-rncan.gc.ca/mb-nc/en/index.html?can=7879
T1,1.0,Nooseseck,BRITISH COLUMBIA,2,Bella Coola,13.0,NOOSESECK 2,2,BC,7880,https://clss.nrcan-rncan.gc.ca/mb-nc/en/index.html?can=7880
T1,1.0,Taleomy,BRITISH COLUMBIA,3,Bella Coola,500.0,TALEOMY 3,3,BC,7881,https://clss.nrcan-rncan.gc.ca/mb-nc/en/index.html?can=7881
T1,1.0,Kwatlena,BRITISH COLUMBIA,4,Bella Coola,131.0,KWATLENA 4,4,BC,7882,https://clss.nrcan-rncan.gc.ca/mb-nc/en/index.html?can=7882
T1,1.0,Kemsquit,BRITISH COLUMBIA,1,Kemsquit,502.0,KEMSQUIT 1,1,BC,7883,https://clss.nrcan-rncan.gc.ca/mb-nc/en/index.html?can=7883
T1,1.0,Chatscah,BRITISH COLUMBIA,2,Kemsquit,428.0,CHATSCAH 2,2,BC,7884,https://clss.nrcan-rncan.gc.ca/mb-nc/en/index.html?can=7884
T1,1.0,Kitasoo,BRITISH COLUMBIA,1,Kitasoo,812.0,KITASOO 1,1,BC,7886,https://clss.nrcan-rncan.gc.ca/mb-nc/en/index.html?can=7886
T1,1.0,Canoona,BRITISH COLUMBIA,2,Kitasoo,542.0,CANOONA 2,2,BC,7887,https://clss.nrcan-rncan.gc.ca/mb-nc/en/index.html?can=7887
T1,1.0,Tahla,BRITISH COLUMBIA,4,Kitimat,12.5,TAHLA 4,4,BC,7622,https://clss.nrcan-rncan.gc.ca/mb-nc/en/index.html?can=7622
T3,1.0,Tahla,BRITISH COLUMBIA,1,Kitkahta,278.0,TAHLA 4,4,BC,7622,https://clss.nrcan-rncan.gc.ca/mb-nc/en/index.html?can=7622
T1,1.0,Quaal,BRITISH COLUMBIA,3,Kitkahta,71.5,QUAAL 3,3,BC,7844,https://clss.nrcan-rncan.gc.ca/mb-nc/en/index.html?can=7844
T1,1.0,Kulkayu,BRITISH COLUMBIA,4,Kitkahta,323.0,KULKAYU 4,4,BC,7846,https://clss.nrcan-rncan.gc.ca/mb-nc/en/index.html?can=7846
T1,1.0,Dolphin Island,BRITISH COLUMBIA,1,Kitlathla,3848.0,DOLPHIN ISLAND 1,1,BC,7734,https://clss.nrcan-rncan.gc.ca/mb-nc/en/index.html?can=7734
T1,1.0,Grassy Islet,BRITISH COLUMBIA,2,Kitlathla,1.1,GRASSY ISLET 2,2,BC,7735,https://clss.nrcan-rncan.gc.ca/mb-nc/en/index.html?can=7735
T1,1.0,Sand Island,BRITISH COLUMBIA,4,Kitlathla,5.0,SAND ISLAND 4,4,BC,7736,https://clss.nrcan-rncan.gc.ca/mb-nc/en/index.html?can=7736
T1,1.0,Klapthlon,BRITISH COLUMBIA,5,Kitlathla,112.0,KLAPTHLON 5,5,BC,7737,https://clss.nrcan-rncan.gc.ca/mb-nc/en/index.html?can=7737
T1,1.0,Klapthlon,BRITISH COLUMBIA,5A,Kitlathla,126.0,KLAPTHLON 5A,5A,BC,7738,https://clss.nrcan-rncan.gc.ca/mb-nc/en/index.html?can=7738
T1,1.0,Pa-aat,BRITISH COLUMBIA,6,Kitlathla,15.0,PA-AAT 6,6,BC,7739,https://clss.nrcan-rncan.gc.ca/mb-nc/en/index.html?can=7739
T1,1.0,Tsimtack,BRITISH COLUMBIA,7,Kitlathla,27.0,TSIMTACK 7,7,BC,7740,https://clss.nrcan-rncan.gc.ca/mb-nc/en/index.html?can=7740
T1,1.0,Toowartz,BRITISH COLUMBIA,8,Kitlathla,52.0,TOOWARTZ 8,8,BC,7741,https://clss.nrcan-rncan.gc.ca/mb-nc/en/index.html?can=7741
T1,1.0,Citeyats,BRITISH COLUMBIA,9,Kitlathla,36.5,CITEYATS 9,9,BC,7742,https://clss.nrcan-rncan.gc.ca/mb-nc/en/index.html?can=7742
T1,1.0,Kitlawaoo,BRITISH COLUMBIA,10,Kitlathla,6.0,KITLAWAOO 10,10,BC,7743,https://clss.nrcan-rncan.gc.ca/mb-nc/en/index.html?can=7743
T1,1.0,Keecha,BRITISH COLUMBIA,11,Kitlathla,4.0,KEECHA 11,11,BC,7744,https://clss.nrcan-rncan.gc.ca/mb-nc/en/index.html?can=7744
T1,1.0,Kooryet,BRITISH COLUMBIA,12,Kitlathla,13.5,KOORYET 12,12,BC,7745,https://clss.nrcan-rncan.gc.ca/mb-nc/en/index.html?can=7745
T1,1.0,Clowel,BRITISH COLUMBIA,13,Kitlathla,15.0,CLOWEL 13,13,BC,7746,https://clss.nrcan-rncan.gc.ca/mb-nc/en/index.html?can=7746
T1,1.0,Sheganny,BRITISH COLUMBIA,14,Kitlathla,27.0,SHEGANNY 14,14,BC,7747,https://clss.nrcan-rncan.gc.ca/mb-nc/en/index.html?can=7747
T1,1.0,Tsimlairen,BRITISH COLUMBIA,15,Kitlathla,39.5,TSIMLAIREN 15,15,BC,7748,https://clss.nrcan-rncan.gc.ca/mb-nc/en/index.html?can=7748
T1,1.0,Keswar,BRITISH COLUMBIA,16,Kitlathla,12.5,KESWAR 16,16,BC,7749,https://clss.nrcan-rncan.gc.ca/mb-nc/en/index.html?can=7749
T1,1.0,Keyarka,BRITISH COLUMBIA,17,Kitlathla,21.0,KEYARKA 17,17,BC,7750,https://clss.nrcan-rncan.gc.ca/mb-nc/en/index.html?can=7750
T1,1.0,Kul,BRITISH COLUMBIA,18,Kitlathla,95.0,KUL 18,18,BC,7751,https://clss.nrcan-rncan.gc.ca/mb-nc/en/index.html?can=7751
T3,1.0,Wekellals,BRITISH COLUMBIA,1,Kitlope,215.0,WEKELLALS 15,15,BC,7633,https://clss.nrcan-rncan.gc.ca/mb-nc/en/index.html?can=7633
T3,1.0,Kitlope,BRITISH COLUMBIA,2,Kitlope,112.0,KITLOPE 16,16,BC,7634,https://clss.nrcan-rncan.gc.ca/mb-nc/en/index.html?can=7634
T3,1.0,Kemano,BRITISH COLUMBIA,3,Kitlope,25.5,KEMANO 17,17,BC,7635,https://clss.nrcan-rncan.gc.ca/mb-nc/en/index.html?can=7635
T1,1.0,Kitselas,BRITISH COLUMBIA,1,Kitselas,1470.0,KITSELAS 1,1,BC,7637,https://clss.nrcan-rncan.gc.ca/mb-nc/en/index.html?can=7637
T1,1.0,Chimdimash,BRITISH COLUMBIA,2,Kitselas,240.0,CHIMDIMASH 2,2,BC,7638,https://clss.nrcan-rncan.gc.ca/mb-nc/en/index.html?can=7638
T1,1.0,Ikshenigwolk,BRITISH COLUMBIA,3,Kitselas,90.0,IKSHENIGWOLK 3,3,BC,7640,https://clss.nrcan-rncan.gc.ca/mb-nc/en/index.html?can=7640
T1,1.0,Kshish,BRITISH COLUMBIA,4,Kitselas,130.0,KSHISH NO 4,4,BC,7641,https://clss.nrcan-rncan.gc.ca/mb-nc/en/index.html?can=7641
T1,1.0,Zaimoetz,BRITISH COLUMBIA,5,Kitselas,323.0,ZAIMOETZ 5,5,BC,7643,https://clss.nrcan-rncan.gc.ca/mb-nc/en/index.html?can=7643
T1,1.0,Kulspai,BRITISH COLUMBIA,6,Kitselas,17.0,KULSPAI 6,6,BC,7644,https://clss.nrcan-rncan.gc.ca/mb-nc/en/index.html?can=7644
T1,1.0,Ketoneda,BRITISH COLUMBIA,7,Kitselas,145.0,KETONEDA 7,7,BC,7645,https://clss.nrcan-rncan.gc.ca/mb-nc/en/index.html?can=7645
T1,1.0,Chimdimash,BRITISH COLUMBIA,2A,Kitselas,370.0,CHIMDIMASH 2A,2A,BC,7639,https://clss.nrcan-rncan.gc.ca/mb-nc/en/index.html?can=7639
T4,1.0,Fishery,BRITISH COLUMBIA,2,Kitsumkelum,133.0,HISNIT FISHERY 34,34,BC,6871,https://clss.nrcan-rncan.gc.ca/mb-nc/en/index.html?can=6871
T1,1.0,Zimagord,BRITISH COLUMBIA,3,Kitsumkelum,73.0,ZIMAGORD 3,3,BC,7648,https://clss.nrcan-rncan.gc.ca/mb-nc/en/index.html?can=7648
T3,1.0,Port Essington,BRITISH COLUMBIA,,"Kitselas, Kitsumkelum and others Indians",,PORT ESSINGTON,,BC,7649,https://clss.nrcan-rncan.gc.ca/mb-nc/en/index.html?can=7649
T1,1.0,Kokyet,BRITISH COLUMBIA,1,Kokyet,185.0,KOKYET 1,1,BC,7873,https://clss.nrcan-rncan.gc.ca/mb-nc/en/index.html?can=7873
T1,1.0,Grief Island,BRITISH COLUMBIA,2,Kokyet,75.0,GRIEF ISLAND 2,2,BC,7874,https://clss.nrcan-rncan.gc.ca/mb-nc/en/index.html?can=7874
T1,1.0,Kyarti,BRITISH COLUMBIA,3,Kokyet,1.25,KYARTI 3,3,BC,7875,https://clss.nrcan-rncan.gc.ca/mb-nc/en/index.html?can=7875
T1,1.0,Neekas,BRITISH COLUMBIA,4,Kokyet,11.0,NEEKAS 4,4,BC,7876,https://clss.nrcan-rncan.gc.ca/mb-nc/en/index.html?can=7876
T1,1.0,Tankeah,BRITISH COLUMBIA,5,Kokyet,32.0,TANKEAH 5,5,BC,7877,https://clss.nrcan-rncan.gc.ca/mb-nc/en/index.html?can=7877
T1,1.0,Koqui,BRITISH COLUMBIA,6,Lakelse,95.0,KOQUI 6,6,BC,7878,https://clss.nrcan-rncan.gc.ca/mb-nc/en/index.html?can=7878
T1,1.0,Massett,BRITISH COLUMBIA,1,Massett,729.0,MASSET 1,1,BC,7664,https://clss.nrcan-rncan.gc.ca/mb-nc/en/index.html?can=7664
T1,1.0,Yagan,BRITISH COLUMBIA,3,Massett,86.0,YAGAN 3,3,BC,7666,https://clss.nrcan-rncan.gc.ca/mb-nc/en/index.html?can=7666
T1,1.0,Lanas,BRITISH COLUMBIA,4,Massett,192.5,LANAS 4,4,BC,7667,https://clss.nrcan-rncan.gc.ca/mb-nc/en/index.html?can=7667
T1,1.0,Satunquin,BRITISH COLUMBIA,5,Massett,9.0,SATUNQUIN 5,5,BC,7668,https://clss.nrcan-rncan.gc.ca/mb-nc/en/index.html?can=7668
T1,1.0,Ain,BRITISH COLUMBIA,6,Massett,164.0,AIN 6,6,BC,7669,https://clss.nrcan-rncan.gc.ca/mb-nc/en/index.html?can=7669
T1,1.0,Yan,BRITISH COLUMBIA,7,Massett,264.0,YAN 7,7,BC,7670,https://clss.nrcan-rncan.gc.ca/mb-nc/en/index.html?can=7670
T1,1.0,Meagwan,BRITISH COLUMBIA,8,Massett,49.0,MEAGWAN 8,8,BC,7671,https://clss.nrcan-rncan.gc.ca/mb-nc/en/index.html?can=7671
T1,1.0,Kose,BRITISH COLUMBIA,9,Massett,9.0,KOSE 9,9,BC,7672,https://clss.nrcan-rncan.gc.ca/mb-nc/en/index.html?can=7672
T1,1.0,Naden,BRITISH COLUMBIA,10,Massett,27.0,NADEN 10,10,BC,7673,https://clss.nrcan-rncan.gc.ca/mb-nc/en/index.html?can=7673
T1,1.0,Kung,BRITISH COLUMBIA,11,Massett,71.0,KUNG 11,11,BC,7674,https://clss.nrcan-rncan.gc.ca/mb-nc/en/index.html?can=7674
T1,1.0,Daningay,BRITISH COLUMBIA,12,Massett,21.0,DANINGAY 12,12,BC,7675,https://clss.nrcan-rncan.gc.ca/mb-nc/en/index.html?can=7675
T1,1.0,Yatze,BRITISH COLUMBIA,13,Massett,34.0,YATZE 13,13,BC,7676,https://clss.nrcan-rncan.gc.ca/mb-nc/en/index.html?can=7676
T1,1.0,Jalun,BRITISH COLUMBIA,14,Massett,17.5,JALUN 14,14,BC,7677,https://clss.nrcan-rncan.gc.ca/mb-nc/en/index.html?can=7677
T1,1.0,Kioosta,BRITISH COLUMBIA,15,Massett,101.0,KIOOSTA 15,15,BC,7678,https://clss.nrcan-rncan.gc.ca/mb-nc/en/index.html?can=7678
T1,1.0,Tatense,BRITISH COLUMBIA,16,Massett,16.0,TATENSE 16,16,BC,7679,https://clss.nrcan-rncan.gc.ca/mb-nc/en/index.html?can=7679
T4,1.0,Fishery,BRITISH COLUMBIA,5,Nass River,17.5,HISNIT FISHERY 34,34,BC,6871,https://clss.nrcan-rncan.gc.ca/mb-nc/en/index.html?can=6871
T1,1.0,Kullan,BRITISH COLUMBIA,18,Nass River,108.0,KUL 18,18,BC,7751,https://clss.nrcan-rncan.gc.ca/mb-nc/en/index.html?can=7751
T1,1.0,Katit,BRITISH COLUMBIA,1,Owekano,1628.0,KATIT 1,1,BC,7900,https://clss.nrcan-rncan.gc.ca/mb-nc/en/index.html?can=7900
T1,1.0,Kiltala,BRITISH COLUMBIA,2,Owekano,121.0,KILTALA 2,2,BC,7901,https://clss.nrcan-rncan.gc.ca/mb-nc/en/index.html?can=7901
T1,1.0,Cockmi,BRITISH COLUMBIA,3,Owekano,11.75,COCKMI 3,3,BC,7902,https://clss.nrcan-rncan.gc.ca/mb-nc/en/index.html?can=7902
T1,1.0,Skidegate,BRITISH COLUMBIA,1,Skidegate,854.0,SKIDEGATE 1,1,BC,7690,https://clss.nrcan-rncan.gc.ca/mb-nc/en/index.html?can=7690
T1,1.0,Skaigha,BRITISH COLUMBIA,2,Skidgate,62.0,SKAIGHA 2,2,BC,7691,https://clss.nrcan-rncan.gc.ca/mb-nc/en/index.html?can=7691
T1,1.0,Deena,BRITISH COLUMBIA,3,Skidegate,119.0,DEENA 3,3,BC,7692,https://clss.nrcan-rncan.gc.ca/mb-nc/en/index.html?can=7692
T1,1.0,Khrana,BRITISH COLUMBIA,4,Skidegate,210.0,KHRANA 4,4,BC,7693,https://clss.nrcan-rncan.gc.ca/mb-nc/en/index.html?can=7693
T1,1.0,Lagins,BRITISH COLUMBIA,5,Skidegate,40.0,LAGINS 5,5,BC,7694,https://clss.nrcan-rncan.gc.ca/mb-nc/en/index.html?can=7694
T1,1.0,Kaste,BRITISH COLUMBIA,6,Skidegate,38.0,KASTE 6,6,BC,7695,https://clss.nrcan-rncan.gc.ca/mb-nc/en/index.html?can=7695
T1,1.0,Cumshewas,BRITISH COLUMBIA,7,Skidegate,56.0,CUMSHEWAS 7,7,BC,7696,https://clss.nrcan-rncan.gc.ca/mb-nc/en/index.html?can=7696
T1,1.0,Skedance,BRITISH COLUMBIA,8,Skidegate,169.0,SKEDANCE 8,8,BC,7697,https://clss.nrcan-rncan.gc.ca/mb-nc/en/index.html?can=7697
T1,1.0,Tanoo,BRITISH COLUMBIA,9,Skidegate,65.0,TANOO 9,9,BC,7698,https://clss.nrcan-rncan.gc.ca/mb-nc/en/index.html?can=7698
T1,1.0,Tsimpsean reserve,BRITISH COLUMBIA,2,"Tsimpsean, N. 1/2 Pt. Simpson, Tsimpsean, S. 1/2 Metlakatla",57742.0,S 1/2 TSIMPSEAN 2,2,BC,7754,https://clss.nrcan-rncan.gc.ca/mb-nc/en/index.html?can=7754
T1,1.0,Wilnaskancaud,BRITISH COLUMBIA,3,"Tsimpsean, Metlakatla",6.0,WILNASKANCAUD 3,3,BC,7755,https://clss.nrcan-rncan.gc.ca/mb-nc/en/index.html?can=7755
T1,1.0,Shoowahtlans,BRITISH COLUMBIA,4,"Tsimpsean, Metlakatla",18.0,SHOOWAHTLANS 4,4,BC,7756,https://clss.nrcan-rncan.gc.ca/mb-nc/en/index.html?can=7756
T1,1.0,Willaclough,BRITISH COLUMBIA,6,"Tsimpsean, Pt. Simpson and Metlakatla in com.",33.0,WILLACLOUGH INDIAN RESERVE NO. 6,6,BC,10026,https://clss.nrcan-rncan.gc.ca/mb-nc/en/index.html?can=10026
T1,1.0,Point Veitch,BRITISH COLUMBIA,7,"Tsimpsean, Pt. Simpson and Metlakatla in com.",16.0,POINT VEITCH INDIAN RESERVE NO. 7,7,BC,10025,https://clss.nrcan-rncan.gc.ca/mb-nc/en/index.html?can=10025
T1,1.0,Khyex,BRITISH COLUMBIA,8,"Tsimpsean, Pt. Simpson and Metlakatla in com.",46.0,KHYEX NO. 8,8,BC,7757,https://clss.nrcan-rncan.gc.ca/mb-nc/en/index.html?can=7757
T1,1.0,Khtahda,BRITISH COLUMBIA,10,"Tsimpsean, Pt. Simpson and Metlakatla in com.",7.0,KHTAHDA 10,10,BC,7758,https://clss.nrcan-rncan.gc.ca/mb-nc/en/index.html?can=7758
T1,1.0,Scuttsap,BRITISH COLUMBIA,11,"Tsimpsean, Pt. Simpson and Metlakatla in com.",9.0,SCUTTSAP 11,11,BC,7759,https://clss.nrcan-rncan.gc.ca/mb-nc/en/index.html?can=7759
T1,1.0,Tymgowzan,BRITISH COLUMBIA,12,"Tsimpsean, Pt. Simpson",73.0,TYMGOWZAN 12,12,BC,7773,https://clss.nrcan-rncan.gc.ca/mb-nc/en/index.html?can=7773
T1,1.0,Ensheshese,BRITISH COLUMBIA,13,"Tsimpsean, Pt. Simpson",45.0,ENSHESHESE 13,13,BC,7774,https://clss.nrcan-rncan.gc.ca/mb-nc/en/index.html?can=7774
T1,1.0,Wilskaskammel,BRITISH COLUMBIA,14,"Tsimpsean, Pt. Simpson",8.0,WILSKASKAMMEL 14,14,BC,7775,https://clss.nrcan-rncan.gc.ca/mb-nc/en/index.html?can=7775
T1,1.0,Toon,BRITISH COLUMBIA,15,"Tsimpsean, Pt. Simpson",20.0,TOON 15,15,BC,7776,https://clss.nrcan-rncan.gc.ca/mb-nc/en/index.html?can=7776
T1,1.0,Lachmach,BRITISH COLUMBIA,16,"Tsimpsean, Pt. Simpson",27.0,LACHMACH 16,16,BC,7777,https://clss.nrcan-rncan.gc.ca/mb-nc/en/index.html?can=7777
T1,1.0,Spakels,BRITISH COLUMBIA,17,"Tsimpsean, Pt. Simpson",19.0,SPAKELS 17,17,BC,7778,https://clss.nrcan-rncan.gc.ca/mb-nc/en/index.html?can=7778
T1,1.0,Birnie Island,BRITISH COLUMBIA,18,"Tsimpsean, Pt. Simpson",114.0,BIRNIE ISLAND 18,18,BC,7779,https://clss.nrcan-rncan.gc.ca/mb-nc/en/index.html?can=7779
T1,1.0,Finlayson Island,BRITISH COLUMBIA,19,"Tsimpsean, Pt. Simpson",1589.0,FINLAYSON ISLAND 19,19,BC,7780,https://clss.nrcan-rncan.gc.ca/mb-nc/en/index.html?can=7780
T1,1.0,Burnt Cliff Island,BRITISH COLUMBIA,20,"Tsimpsean, Pt. Simpson",67.0,BURNT CLIFF ISLANDS 20,20,BC,7781,https://clss.nrcan-rncan.gc.ca/mb-nc/en/index.html?can=7781
T1,1.0,Tugwell Island,BRITISH COLUMBIA,21,"Tsimpsean, Metlakatla",312.0,TUGWELL ISLAND 21,21,BC,7760,https://clss.nrcan-rncan.gc.ca/mb-nc/en/index.html?can=7760
T1,1.0,Dashken,BRITISH COLUMBIA,22,"Tsimpsean, Pt. Simpson and Metlakatla",7.2,DASHKEN 22,22,BC,7761,https://clss.nrcan-rncan.gc.ca/mb-nc/en/index.html?can=7761
T1,1.0,Kshaoom,BRITISH COLUMBIA,23,"Tsimpsean, Pt. Simpson and Metlakatla",5.5,KSHAOOM 23,23,BC,7762,https://clss.nrcan-rncan.gc.ca/mb-nc/en/index.html?can=7762
T1,1.0,Meanlaw,BRITISH COLUMBIA,24,"Tsimpsean, Pt. Simpson and Metlakatla",7.5,MEANLAW 24,24,BC,7763,https://clss.nrcan-rncan.gc.ca/mb-nc/en/index.html?can=7763
T4,1.0,Mahope,BRITISH COLUMBIA,3,Checkleset,40.0,HOPE 1,1,BC,8076,https://clss.nrcan-rncan.gc.ca/mb-nc/en/index.html?can=8076
T3,1.0,Hisnit,BRITISH COLUMBIA,4,Checkleset,15.0,HISNIT 7,7,BC,7039,https://clss.nrcan-rncan.gc.ca/mb-nc/en/index.html?can=7039
T1,1.0,Opitsat,BRITISH COLUMBIA,1,Clayoquot,180.0,OPITSAT 1,1,BC,6873,https://clss.nrcan-rncan.gc.ca/mb-nc/en/index.html?can=6873
T1,1.0,Echachis,BRITISH COLUMBIA,2,Clayoquot,44.0,ECHACHIS 2,2,BC,6874,https://clss.nrcan-rncan.gc.ca/mb-nc/en/index.html?can=6874
T1,1.0,Esowista,BRITISH COLUMBIA,3,Clayoquot,17.0,ESOWISTA 3,3,BC,6875,https://clss.nrcan-rncan.gc.ca/mb-nc/en/index.html?can=6875
T1,1.0,Kootowis,BRITISH COLUMBIA,4,Clayoquot,37.0,KOOTOWIS 4,4,BC,6876,https://clss.nrcan-rncan.gc.ca/mb-nc/en/index.html?can=6876
T1,1.0,Okeamin,BRITISH COLUMBIA,5,Clayoquot,24.0,OKEAMIN 5,5,BC,6877,https://clss.nrcan-rncan.gc.ca/mb-nc/en/index.html?can=6877
T1,1.0,Clayoqua,BRITISH COLUMBIA,6,Clayoquot,110.0,CLAYOQUA 6,6,BC,6878,https://clss.nrcan-rncan.gc.ca/mb-nc/en/index.html?can=6878
T1,1.0,Winche,BRITISH COLUMBIA,7,Clayoquot,40.0,WINCHE 7,7,BC,6879,https://clss.nrcan-rncan.gc.ca/mb-nc/en/index.html?can=6879
T1,1.0,Ilthpaya,BRITISH COLUMBIA,8,Clayoquot,3.5,ILTHPAYA 8,8,BC,6880,https://clss.nrcan-rncan.gc.ca/mb-nc/en/index.html?can=6880
T1,1.0,Onadsilth,BRITISH COLUMBIA,9,Clayoquot,45.0,ONADSILTH 9,9,BC,6881,https://clss.nrcan-rncan.gc.ca/mb-nc/en/index.html?can=6881
T1,1.0,Eelseuklis,BRITISH COLUMBIA,10,"Clayoquot, Klesemart b'd",40.0,EELSEUKLIS 10,10,BC,6882,https://clss.nrcan-rncan.gc.ca/mb-nc/en/index.html?can=6882
T1,1.0,Yarksis,BRITISH COLUMBIA,11,"Clayoquot, Kelsemart b'd",103.0,YARKSIS 11,11,BC,6848,https://clss.nrcan-rncan.gc.ca/mb-nc/en/index.html?can=6848
T1,1.0,Cloolthpich,BRITISH COLUMBIA,12,"Clayoquot, Kelsemart b'd",59.0,CLOOLTHPICH 12,12,BC,6849,https://clss.nrcan-rncan.gc.ca/mb-nc/en/index.html?can=6849
T1,1.0,Quortsowe,BRITISH COLUMBIA,13,"Clayoquot, Kelsemart b'd",36.0,QUORTSOWE 13,13,BC,6850,https://clss.nrcan-rncan.gc.ca/mb-nc/en/index.html?can=6850
T1,1.0,Oinimitis,BRITISH COLUMBIA,14,"Clayoquot, Kelsemart b'd",25.0,OINIMITIS 14,14,BC,6851,https://clss.nrcan-rncan.gc.ca/mb-nc/en/index.html?can=6851
T1,1.0,Marktosis,BRITISH COLUMBIA,15,"Clayoquot, Ahousaht band",260.0,MARKTOSIS 15,15,BC,6852,https://clss.nrcan-rncan.gc.ca/mb-nc/en/index.html?can=6852
T1,1.0,Ahous,BRITISH COLUMBIA,16,"Clayoquot, Ahousaht band",34.0,AHOUS 16,16,BC,6853,https://clss.nrcan-rncan.gc.ca/mb-nc/en/index.html?can=6853
T1,1.0,Chetarpe,BRITISH COLUMBIA,17,"Clayoquot, Ahousaht band",35.0,CHETARPE 17,17,BC,6854,https://clss.nrcan-rncan.gc.ca/mb-nc/en/index.html?can=6854
T1,1.0,Sutaquis,BRITISH COLUMBIA,18,"Clayoquot, Ahousaht band",27.0,SUTAQUIS 18,18,BC,6855,https://clss.nrcan-rncan.gc.ca/mb-nc/en/index.html?can=6855
T1,1.0,Wahous (fishery),BRITISH COLUMBIA,19,"Clayoquot, Ahousaht band",143.0,WAHOUS 19,19,BC,6856,https://clss.nrcan-rncan.gc.ca/mb-nc/en/index.html?can=6856
T1,1.0,Wahous (village),BRITISH COLUMBIA,20,"Clayoquot, Ahousaht band",34.0,WAHOUS 20,20,BC,6857,https://clss.nrcan-rncan.gc.ca/mb-nc/en/index.html?can=6857
T1,1.0,Tequa,BRITISH COLUMBIA,21,"Clayoquot, Ahousaht band",6.0,TEQUA 21,21,BC,6858,https://clss.nrcan-rncan.gc.ca/mb-nc/en/index.html?can=6858
T1,1.0,Peneetle,BRITISH COLUMBIA,22,"Clayoquot, Ahousaht band",95.0,PENEETLE 22,22,BC,6859,https://clss.nrcan-rncan.gc.ca/mb-nc/en/index.html?can=6859
T1,1.0,Moyehai,BRITISH COLUMBIA,23,"Clayoquot, Ahousaht band",13.0,MOYEHAI 23,23,BC,6860,https://clss.nrcan-rncan.gc.ca/mb-nc/en/index.html?can=6860
T1,1.0,Seektukis,BRITISH COLUMBIA,24,"Clayoquot, Ahousaht band",34.0,SEEKTUKIS 24,24,BC,6861,https://clss.nrcan-rncan.gc.ca/mb-nc/en/index.html?can=6861
T1,1.0,Watta,BRITISH COLUMBIA,25,"Clayoquot, Ahousaht band",12.0,WATTA 25,25,BC,6862,https://clss.nrcan-rncan.gc.ca/mb-nc/en/index.html?can=6862
T1,1.0,Wappook,BRITISH COLUMBIA,26,"Clayoquot, Ahousaht band",11.0,WAPPOOK 26,26,BC,6863,https://clss.nrcan-rncan.gc.ca/mb-nc/en/index.html?can=6863
T1,1.0,Openit,BRITISH COLUMBIA,27,"Clayoquot, Manhauset band",77.0,OPENIT 27,27,BC,6864,https://clss.nrcan-rncan.gc.ca/mb-nc/en/index.html?can=6864
T1,0.9,Tootoowilte-na,BRITISH COLUMBIA,28,"Clayoquot, Manhauset band",21.0,TOOTOOWILTENA 28,28,BC,6865,https://clss.nrcan-rncan.gc.ca/mb-nc/en/index.html?can=6865
T1,1.0,Kishnacous,BRITISH COLUMBIA,29,"Clayoquot, Manhauset band",34.0,KISHNACOUS 29,29,BC,6866,https://clss.nrcan-rncan.gc.ca/mb-nc/en/index.html?can=6866
T1,1.0,Nuchatl,BRITISH COLUMBIA,1,"Esperanza Inlet, Nuchatl-itz",16.0,NUCHATL 1,1,BC,7140,https://clss.nrcan-rncan.gc.ca/mb-nc/en/index.html?can=7140
T1,1.0,Nuchatl,BRITISH COLUMBIA,2,"Esperanza Inlet, Nuchatl-itz",57.0,NUCHATL 2,2,BC,7141,https://clss.nrcan-rncan.gc.ca/mb-nc/en/index.html?can=7141
T1,1.0,Ahpukto,BRITISH COLUMBIA,3,"Esperanza Inlet, Nuchatl-itz",7.0,AHPUKTO 3,3,BC,7142,https://clss.nrcan-rncan.gc.ca/mb-nc/en/index.html?can=7142
T1,1.0,Opemit,BRITISH COLUMBIA,4,"Esperanza Inlet, Nuchatl-itz",16.0,OPEMIT 4,4,BC,7143,https://clss.nrcan-rncan.gc.ca/mb-nc/en/index.html?can=7143
T1,1.0,Shoomart,BRITISH COLUMBIA,5,"Esperanza Inlet, Nuchatl-itz",21.0,SHOOMART 5,5,BC,7144,https://clss.nrcan-rncan.gc.ca/mb-nc/en/index.html?can=7144
T4,0.875,Owossit-sa,BRITISH COLUMBIA,5,"Esperanza Inlet, Nuchatl-itz",,OWOSSITSA 6,6,BC,7145,https://clss.nrcan-rncan.gc.ca/mb-nc/en/index.html?can=7145
T1,1.0,Oclucje,BRITISH COLUMBIA,7,"Esperanza Inlet, Nuchatl-itz",33.0,OCLUCJE 7,7,BC,7146,https://clss.nrcan-rncan.gc.ca/mb-nc/en/index.html?can=7146
T1,1.0,Occosh,BRITISH COLUMBIA,8,"Esperanza Inlet, Nuchatl-itz",31.0,OCCOSH 8,8,BC,7147,https://clss.nrcan-rncan.gc.ca/mb-nc/en/index.html?can=7147
T1,1.0,Chiseuquis,BRITISH COLUMBIA,9,"Esperanza Inlet, Nuchatl-itz",19.0,CHISEUQUIS 9,9,BC,7148,https://clss.nrcan-rncan.gc.ca/mb-nc/en/index.html?can=7148
T1,1.0,Oke,BRITISH COLUMBIA,10,"Esperanza Inlet, Ehatisaht band",32.0,OKE 10,10,BC,7082,https://clss.nrcan-rncan.gc.ca/mb-nc/en/index.html?can=7082
T4,0.875,Grave-yard,BRITISH COLUMBIA,10A,"Esperanza Inlet, Ehatisaht band",2.0,GRAVEYARD 5,5,BC,8028,https://clss.nrcan-rncan.gc.ca/mb-nc/en/index.html?can=8028
T1,1.0,Ehatis,BRITISH COLUMBIA,11,"Esperanza Inlet, Ehatisaht band",40.0,EHATIS 11,11,BC,7085,https://clss.nrcan-rncan.gc.ca/mb-nc/en/index.html?can=7085
T1,1.0,Chenahkint,BRITISH COLUMBIA,12,"Esperanza Inlet, Ehatisaht band",56.0,CHENAHKINT 12,12,BC,7086,https://clss.nrcan-rncan.gc.ca/mb-nc/en/index.html?can=7086
T1,1.0,Tatchu,BRITISH COLUMBIA,13,"Esperanza Inlet, Ehatisaht band",13.0,TATCHU 13,13,BC,7087,https://clss.nrcan-rncan.gc.ca/mb-nc/en/index.html?can=7087
T1,1.0,Hesquiat,BRITISH COLUMBIA,1,Hesquiat,222.0,HESQUIAT 1,1,BC,6883,https://clss.nrcan-rncan.gc.ca/mb-nc/en/index.html?can=6883
T1,1.0,Homais,BRITISH COLUMBIA,2,Hesquiat,89.0,HOMAIS 2,2,BC,6884,https://clss.nrcan-rncan.gc.ca/mb-nc/en/index.html?can=6884
T1,1.0,Teahmit,BRITISH COLUMBIA,3,Hesquiat,107.0,TEAHMIT 3,3,BC,6885,https://clss.nrcan-rncan.gc.ca/mb-nc/en/index.html?can=6885
T1,1.0,Maahpe,BRITISH COLUMBIA,4,Hesquiat,159.0,MAAHPE 4,4,BC,6886,https://clss.nrcan-rncan.gc.ca/mb-nc/en/index.html?can=6886
T3,1.0,Village Island,BRITISH COLUMBIA,1,Kyuquot,118.0,VILLAGE ISLAND 7,7,BC,6791,https://clss.nrcan-rncan.gc.ca/mb-nc/en/index.html?can=6791
T4,1.0,Granite Island,BRITISH COLUMBIA,4,Kyuquot,215.0,ISLAND 14A,14A,BC,7872,https://clss.nrcan-rncan.gc.ca/mb-nc/en/index.html?can=7872
T1,1.0,Tahsish,BRITISH COLUMBIA,11,Kyuquot,21.0,TAHSIS 11,11,BC,7043,https://clss.nrcan-rncan.gc.ca/mb-nc/en/index.html?can=7043
T1,1.0,Ahuk,BRITISH COLUMBIA,1,Nitinat,132.0,AHUK 1,1,BC,6888,https://clss.nrcan-rncan.gc.ca/mb-nc/en/index.html?can=6888
T1,1.0,Tsuquanah,BRITISH COLUMBIA,2,Nitinat,235.0,TSUQUANAH 2,2,BC,6889,https://clss.nrcan-rncan.gc.ca/mb-nc/en/index.html?can=6889
T1,1.0,Wyah,BRITISH COLUMBIA,3,Nitinat,132.0,WYAH 3,3,BC,6890,https://clss.nrcan-rncan.gc.ca/mb-nc/en/index.html?can=6890
T1,1.0,Sarque,BRITISH COLUMBIA,5,Nitinat,25.8,SARQUE 5,5,BC,6893,https://clss.nrcan-rncan.gc.ca/mb-nc/en/index.html?can=6893
T1,1.0,Carmanah,BRITISH COLUMBIA,6,Nitinat,,CARMANAH 6,6,BC,6894,https://clss.nrcan-rncan.gc.ca/mb-nc/en/index.html?can=6894
T1,1.0,Iktuksasuk,BRITISH COLUMBIA,7,Nitinat,168.0,IKTUKSASUK 7,7,BC,6895,https://clss.nrcan-rncan.gc.ca/mb-nc/en/index.html?can=6895
T1,1.0,Homitan,BRITISH COLUMBIA,8,Nitinat,50.0,HOMITAN 8,8,BC,6896,https://clss.nrcan-rncan.gc.ca/mb-nc/en/index.html?can=6896
T1,1.0,Oyees,BRITISH COLUMBIA,9,Nitinat,,OYEES 9,9,BC,6897,https://clss.nrcan-rncan.gc.ca/mb-nc/en/index.html?can=6897
T1,1.0,Doobah,BRITISH COLUMBIA,10,Nitinat,13.0,DOOBAH 10,10,BC,6898,https://clss.nrcan-rncan.gc.ca/mb-nc/en/index.html?can=6898
T1,1.0,Malachan,BRITISH COLUMBIA,11,Nitinat,66.0,MALACHAN 11,11,BC,6899,https://clss.nrcan-rncan.gc.ca/mb-nc/en/index.html?can=6899
T1,1.0,Ilclo,BRITISH COLUMBIA,12,Nitinat,77.0,ILCLO 12,12,BC,6900,https://clss.nrcan-rncan.gc.ca/mb-nc/en/index.html?can=6900
T1,1.0,Opatseeah,BRITISH COLUMBIA,13,Nitinat,71.0,OPATSEEAH 13,13,BC,6901,https://clss.nrcan-rncan.gc.ca/mb-nc/en/index.html?can=6901
T1,1.0,Wokitsas,BRITISH COLUMBIA,14,Nitinat,40.0,WOKITSAS 14,14,BC,6902,https://clss.nrcan-rncan.gc.ca/mb-nc/en/index.html?can=6902
T1,1.0,Chuchummisapo,BRITISH COLUMBIA,15,Nitinat,92.0,CHUCHUMMISAPO 15,15,BC,6903,https://clss.nrcan-rncan.gc.ca/mb-nc/en/index.html?can=6903
T1,1.0,Saouk,BRITISH COLUMBIA,16,Nitinat,175.0,SAOUK 16,16,BC,6904,https://clss.nrcan-rncan.gc.ca/mb-nc/en/index.html?can=6904
T1,1.0,Yuquot,BRITISH COLUMBIA,1,Nootka,210.0,YUQUOT 1,1,BC,7033,https://clss.nrcan-rncan.gc.ca/mb-nc/en/index.html?can=7033
T1,1.0,Tsarksis,BRITISH COLUMBIA,2,Nootka,81.0,TSARKSIS 2,2,BC,7034,https://clss.nrcan-rncan.gc.ca/mb-nc/en/index.html?can=7034
T1,1.0,Aass,BRITISH COLUMBIA,3,Nootka,14.0,AASS 3,3,BC,7035,https://clss.nrcan-rncan.gc.ca/mb-nc/en/index.html?can=7035
T1,1.0,Nesuk,BRITISH COLUMBIA,4,Nootka,5.0,NESUK 4,4,BC,7036,https://clss.nrcan-rncan.gc.ca/mb-nc/en/index.html?can=7036
T1,1.0,Moutcha,BRITISH COLUMBIA,5,Nootka,15.0,MOUTCHA 5,5,BC,7037,https://clss.nrcan-rncan.gc.ca/mb-nc/en/index.html?can=7037
T1,1.0,Sucwoa,BRITISH COLUMBIA,6,Nootka,36.0,SUCWOA 6,6,BC,7038,https://clss.nrcan-rncan.gc.ca/mb-nc/en/index.html?can=7038
T1,1.0,Hisnit,BRITISH COLUMBIA,7,Nootka,11.0,HISNIT 7,7,BC,7039,https://clss.nrcan-rncan.gc.ca/mb-nc/en/index.html?can=7039
T1,1.0,Hoiss,BRITISH COLUMBIA,8,Nootka,44.0,HOISS 8,8,BC,7040,https://clss.nrcan-rncan.gc.ca/mb-nc/en/index.html?can=7040
T1,1.0,Coopte,BRITISH COLUMBIA,9,Nootka,35.0,COOPTE 9,9,BC,7041,https://clss.nrcan-rncan.gc.ca/mb-nc/en/index.html?can=7041
T1,1.0,Tsowwin,BRITISH COLUMBIA,10,Nootka,34.0,TSOWWIN 10,10,BC,7042,https://clss.nrcan-rncan.gc.ca/mb-nc/en/index.html?can=7042
T1,1.0,Tahsis,BRITISH COLUMBIA,11,Nootka,42.0,TAHSIS 11,11,BC,7043,https://clss.nrcan-rncan.gc.ca/mb-nc/en/index.html?can=7043
T1,1.0,Ahaminaquus,BRITISH COLUMBIA,12,"Nootka, Matchitlacht band",39.0,AHAMINAQUUS 12,12,BC,7044,https://clss.nrcan-rncan.gc.ca/mb-nc/en/index.html?can=7044
T1,1.0,Matchlee,BRITISH COLUMBIA,13,"Nootka, Matchitlacht band",,MATCHLEE 13,13,BC,7045,https://clss.nrcan-rncan.gc.ca/mb-nc/en/index.html?can=7045
T1,1.0,Hleepte,BRITISH COLUMBIA,14,"Nootka, Matchitlacht band",10.0,HLEEPTE 14,14,BC,7046,https://clss.nrcan-rncan.gc.ca/mb-nc/en/index.html?can=7046
T1,1.0,Mooyah,BRITISH COLUMBIA,16,"Nootka, Matchitlacht band",13.0,MOOYAH 16,16,BC,7048,https://clss.nrcan-rncan.gc.ca/mb-nc/en/index.html?can=7048
T1,1.0,Ous,BRITISH COLUMBIA,17,"Nootka, Matchitlacht band",24.0,OUS 17,17,BC,7049,https://clss.nrcan-rncan.gc.ca/mb-nc/en/index.html?can=7049
T1,1.0,Ahahswinis,BRITISH COLUMBIA,1,Opetchisaht,96.0,AHAHSWINIS 1,1,BC,6918,https://clss.nrcan-rncan.gc.ca/mb-nc/en/index.html?can=6918
T1,1.0,Klehkoot,BRITISH COLUMBIA,2,Opetchisaht,290.0,KLEHKOOT 2,2,BC,6919,https://clss.nrcan-rncan.gc.ca/mb-nc/en/index.html?can=6919
T1,1.0,Cous,BRITISH COLUMBIA,3,Opetchisaht,132.0,COUS 3,3,BC,6920,https://clss.nrcan-rncan.gc.ca/mb-nc/en/index.html?can=6920
T1,0.9,Chuchaksacook,BRITISH COLUMBIA,4,Opetchisaht,5.0,CHUCHAKACOOK 4,4,BC,6921,https://clss.nrcan-rncan.gc.ca/mb-nc/en/index.html?can=6921
T1,1.0,Pacheena,BRITISH COLUMBIA,1,Pacheena,153.0,PACHEENA 1,1,BC,6844,https://clss.nrcan-rncan.gc.ca/mb-nc/en/index.html?can=6844
T3,1.0,Pacheena,BRITISH COLUMBIA,2,Pacheena,156.0,PACHEENA 1,1,BC,6844,https://clss.nrcan-rncan.gc.ca/mb-nc/en/index.html?can=6844
T1,1.0,Cullite,BRITISH COLUMBIA,3,Pacheena,95.0,CULLITE 3,3,BC,6846,https://clss.nrcan-rncan.gc.ca/mb-nc/en/index.html?can=6846
T1,1.0,Tsahaheh,BRITISH COLUMBIA,1,Seshart,1030.0,TSAHAHEH 1,1,BC,6923,https://clss.nrcan-rncan.gc.ca/mb-nc/en/index.html?can=6923
T1,1.0,Alberni,BRITISH COLUMBIA,2,Seshart,156.0,ALBERNI 2,2,BC,6924,https://clss.nrcan-rncan.gc.ca/mb-nc/en/index.html?can=6924
T1,1.0,Tseoowa,BRITISH COLUMBIA,4,Seshart,8.0,TSEOOWA 4,4,BC,6925,https://clss.nrcan-rncan.gc.ca/mb-nc/en/index.html?can=6925
T1,1.0,Ahmitsa,BRITISH COLUMBIA,5,Seshart,26.0,AHMITSA 5,5,BC,6926,https://clss.nrcan-rncan.gc.ca/mb-nc/en/index.html?can=6926
T1,1.0,Cleho,BRITISH COLUMBIA,6,Seshart,13.0,CLEHO 6,6,BC,6927,https://clss.nrcan-rncan.gc.ca/mb-nc/en/index.html?can=6927
T1,1.0,Keith Island,BRITISH COLUMBIA,7,Seshart,17.0,KEITH ISLAND 7,7,BC,6928,https://clss.nrcan-rncan.gc.ca/mb-nc/en/index.html?can=6928
T1,1.0,Equis,BRITISH COLUMBIA,8,Seshart,123.0,EQUIS 8,8,BC,6929,https://clss.nrcan-rncan.gc.ca/mb-nc/en/index.html?can=6929
T1,1.0,Omoah,BRITISH COLUMBIA,9,Seshart,30.0,OMOAH 9,9,BC,6930,https://clss.nrcan-rncan.gc.ca/mb-nc/en/index.html?can=6930
T4,1.0,Chequis,BRITISH COLUMBIA,3,Toquart,3.0,EQUIS 8,8,BC,6929,https://clss.nrcan-rncan.gc.ca/mb-nc/en/index.html?can=6929
T4,1.0,Kleykleyhous,BRITISH COLUMBIA,5,Ucluelet,150.0,OUS 17,17,BC,7049,https://clss.nrcan-rncan.gc.ca/mb-nc/en/index.html?can=7049
T4,1.0,Wya,BRITISH COLUMBIA,7,Ucluelet,22.5,WYAH 3,3,BC,6890,https://clss.nrcan-rncan.gc.ca/mb-nc/en/index.html?can=6890
T1,1.0,Alexandria,BRITISH COLUMBIA,1,Alexandria,554.5,ALEXANDRIA 1,1,BC,8157,https://clss.nrcan-rncan.gc.ca/mb-nc/en/index.html?can=8157
T1,1.0,Hay ranch,BRITISH COLUMBIA,2,Alexandria,60.0,HAY RANCH 2,2,BC,8158,https://clss.nrcan-rncan.gc.ca/mb-nc/en/index.html?can=8158
T1,1.0,Alkali Lake,BRITISH COLUMBIA,1,Alkali Lake,596.5,ALKALI LAKE 1,1,BC,8206,https://clss.nrcan-rncan.gc.ca/mb-nc/en/index.html?can=8206
T1,1.0,Alixton,BRITISH COLUMBIA,5,Alkali Lake,227.0,ALIXTON 5,5,BC,8211,https://clss.nrcan-rncan.gc.ca/mb-nc/en/index.html?can=8211
T1,1.0,Wycott's Flat,BRITISH COLUMBIA,6,Alkali Lake,1230.0,WYCOTT'S FLAT 6,6,BC,8212,https://clss.nrcan-rncan.gc.ca/mb-nc/en/index.html?can=8212
T1,1.0,Little Springs,BRITISH COLUMBIA,8,Alkali Lake,480.0,LITTLE SPRINGS 8,8,BC,8214,https://clss.nrcan-rncan.gc.ca/mb-nc/en/index.html?can=8214
T1,1.0,Cludolicum,BRITISH COLUMBIA,9,Alkali Lake,1400.0,CLUDOLICUM 9,9,BC,8215,https://clss.nrcan-rncan.gc.ca/mb-nc/en/index.html?can=8215
T1,1.0,Loon Lake,BRITISH COLUMBIA,10,Alkali Lake,300.0,LOON LAKE 10,10,BC,8216,https://clss.nrcan-rncan.gc.ca/mb-nc/en/index.html?can=8216
T1,1.0,Sampson's Meadow,BRITISH COLUMBIA,11,Alkali Lake,800.0,SAMPSON'S MEADOW 11,11,BC,8218,https://clss.nrcan-rncan.gc.ca/mb-nc/en/index.html?can=8218
T1,1.0,Roper's Meadow,BRITISH COLUMBIA,14,Alkali Lake,80.0,ROPER'S MEADOW 14,14,BC,8222,https://clss.nrcan-rncan.gc.ca/mb-nc/en/index.html?can=8222
T1,1.0,Nequatque,BRITISH COLUMBIA,1,Anderson Lake,444.0,NEQUATQUE 1,1,BC,7991,https://clss.nrcan-rncan.gc.ca/mb-nc/en/index.html?can=7991
T1,1.0,Bridge River,BRITISH COLUMBIA,1,Bridge River,9621.0,BRIDGE RIVER 1,1,BC,8115,https://clss.nrcan-rncan.gc.ca/mb-nc/en/index.html?can=8115
T1,1.0,Canim Lake,BRITISH COLUMBIA,1,Canim Lake,4400.0,CANIM LAKE INDIAN RESERVE NO. 1,1,BC,8244,https://clss.nrcan-rncan.gc.ca/mb-nc/en/index.html?can=8244
T1,1.0,Spilmouse,BRITISH COLUMBIA,4,Canoe Creek,400.0,SPILMOUSE 4,4,BC,8253,https://clss.nrcan-rncan.gc.ca/mb-nc/en/index.html?can=8253
T1,1.0,Fish Lake,BRITISH COLUMBIA,5,Canoe Creek,105.0,FISH LAKE 5,5,BC,8254,https://clss.nrcan-rncan.gc.ca/mb-nc/en/index.html?can=8254
T1,1.0,Toby Lake,BRITISH COLUMBIA,6,Canoe Creek,4440.0,TOBY LAKE 6,6,BC,8257,https://clss.nrcan-rncan.gc.ca/mb-nc/en/index.html?can=8257
T4,0.875,Grave-yard,BRITISH COLUMBIA,,Canoe Creek,,GRAVEYARD 5,5,BC,8028,https://clss.nrcan-rncan.gc.ca/mb-nc/en/index.html?can=8028
T1,1.0,Cayoosh Creek,BRITISH COLUMBIA,1,Cayoosh Creek,367.0,CAYOOSH CREEK 1,1,BC,8117,https://clss.nrcan-rncan.gc.ca/mb-nc/en/index.html?can=8117
T1,1.0,Pashilqua,BRITISH COLUMBIA,2,Cayoosh Creek,785.0,PASHILQUA 2,2,BC,8118,https://clss.nrcan-rncan.gc.ca/mb-nc/en/index.html?can=8118
T1,1.0,Clinton,BRITISH COLUMBIA,1,Clinton,225.0,CLINTON 1,1,BC,8374,https://clss.nrcan-rncan.gc.ca/mb-nc/en/index.html?can=8374
T3,1.0,Clinton,BRITISH COLUMBIA,2,Clinton,848.0,CLINTON 1,1,BC,8374,https://clss.nrcan-rncan.gc.ca/mb-nc/en/index.html?can=8374
T1,1.0,Dog Creek,BRITISH COLUMBIA,1,Dog Creek,357.5,DOG CREEK 1,1,BC,8258,https://clss.nrcan-rncan.gc.ca/mb-nc/en/index.html?can=8258
T1,1.0,Fountain,BRITISH COLUMBIA,1,Fountain,338.0,FOUNTAIN 1,1,BC,8120,https://clss.nrcan-rncan.gc.ca/mb-nc/en/index.html?can=8120
T1,1.0,High Bar,BRITISH COLUMBIA,1,High Bar,2924.0,HIGH BAR 1,1,BC,7295,https://clss.nrcan-rncan.gc.ca/mb-nc/en/index.html?can=7295
T1,1.0,Kluskus,BRITISH COLUMBIA,1,Kluskus,1056.0,KLUSKUS 1,1,BC,8313,https://clss.nrcan-rncan.gc.ca/mb-nc/en/index.html?can=8313
T1,1.0,Kloyadingli,BRITISH COLUMBIA,2,Kluskus,550.0,KLOYADINGLI 2,2,BC,8314,https://clss.nrcan-rncan.gc.ca/mb-nc/en/index.html?can=8314
T1,1.0,Sundayman's Meadow,BRITISH COLUMBIA,3,Kluskus,80.0,SUNDAYMAN'S MEADOW 3,3,BC,8315,https://clss.nrcan-rncan.gc.ca/mb-nc/en/index.html?can=8315
T1,1.0,Yaladelassla,BRITISH COLUMBIA,4,Kluskus,172.0,YALADELASSLA 4,4,BC,8316,https://clss.nrcan-rncan.gc.ca/mb-nc/en/index.html?can=8316
T1,1.0,Towinock,BRITISH COLUMBIA,2,Lillooet,220.0,TOWINOCK 2,2,BC,8139,https://clss.nrcan-rncan.gc.ca/mb-nc/en/index.html?can=8139
T1,1.0,Kilchult,BRITISH COLUMBIA,3,Lillooet,104.0,KILCHULT 3,3,BC,8140,https://clss.nrcan-rncan.gc.ca/mb-nc/en/index.html?can=8140
T3,1.0,McCartney's Flat,BRITISH COLUMBIA,3,Lillooet,423.5,MCCARTNEY'S FLAT 4,4,BC,8141,https://clss.nrcan-rncan.gc.ca/mb-nc/en/index.html?can=8141
T1,1.0,Chilco Lake,BRITISH COLUMBIA,1,Nemaiah Valley,200.0,CHILCO LAKE 1,1,BC,8262,https://clss.nrcan-rncan.gc.ca/mb-nc/en/index.html?can=8262
T1,1.0,Garden reserve,BRITISH COLUMBIA,2,Nemaiah Valley,80.0,GARDEN 2,2,BC,8264,https://clss.nrcan-rncan.gc.ca/mb-nc/en/index.html?can=8264
T4,1.0,Fishery reserve,BRITISH COLUMBIA,3,Namaiah Valley,545.0,HISNIT FISHERY 34,34,BC,6871,https://clss.nrcan-rncan.gc.ca/mb-nc/en/index.html?can=6871
T1,1.0,Pavilion,BRITISH COLUMBIA,1,Pavilion,2318.5,PAVILION 1,1,BC,8144,https://clss.nrcan-rncan.gc.ca/mb-nc/en/index.html?can=8144
T1,1.0,Leon Creek,BRITISH COLUMBIA,2,Pavilion,1167.5,LEON CREEK 2,2,BC,8146,https://clss.nrcan-rncan.gc.ca/mb-nc/en/index.html?can=8146
T1,1.0,Marble Canyon,BRITISH COLUMBIA,3,Pavilion,650.0,MARBLE CANYON 3,3,BC,8148,https://clss.nrcan-rncan.gc.ca/mb-nc/en/index.html?can=8148
T4,1.0,Fishery,BRITISH COLUMBIA,2,Quesnel,46.5,HISNIT FISHERY 34,34,BC,6871,https://clss.nrcan-rncan.gc.ca/mb-nc/en/index.html?can=6871
T4,1.0,Fishery,BRITISH COLUMBIA,3,Quesnel,39.0,HISNIT FISHERY 34,34,BC,6871,https://clss.nrcan-rncan.gc.ca/mb-nc/en/index.html?can=6871
T1,1.0,Rich Bar,BRITISH COLUMBIA,4,Quesnel,235.0,RICH BAR 4,4,BC,8274,https://clss.nrcan-rncan.gc.ca/mb-nc/en/index.html?can=8274
T1,1.0,Slosh,BRITISH COLUMBIA,1,Seton Lake,2085.0,SLOSH 1,1,BC,8151,https://clss.nrcan-rncan.gc.ca/mb-nc/en/index.html?can=8151
T1,1.0,Silicon,BRITISH COLUMBIA,2,Seton Lake,139.0,SILICON 2,2,BC,8153,https://clss.nrcan-rncan.gc.ca/mb-nc/en/index.html?can=8153
T1,1.0,Soda Creek,BRITISH COLUMBIA,1,Soda Creek,1090.0,SODA CREEK 1,1,BC,8275,https://clss.nrcan-rncan.gc.ca/mb-nc/en/index.html?can=8275
T1,1.0,Deep Creek,BRITISH COLUMBIA,2,Soda Creek,4120.0,DEEP CREEK 2,2,BC,8276,https://clss.nrcan-rncan.gc.ca/mb-nc/en/index.html?can=8276
T1,1.0,Toosey,BRITISH COLUMBIA,1,Toosey,5780.0,TOOSEY 1,1,BC,8282,https://clss.nrcan-rncan.gc.ca/mb-nc/en/index.html?can=8282
T1,1.0,Ulkatcho,BRITISH COLUMBIA,1,Ulkatcho,4340.0,ULKATCHO 1,1,BC,8330,https://clss.nrcan-rncan.gc.ca/mb-nc/en/index.html?can=8330
T1,1.0,Williams Lake,BRITISH COLUMBIA,1,Williams Lake,4074.0,WILLIAMS LAKE 1,1,BC,8286,https://clss.nrcan-rncan.gc.ca/mb-nc/en/index.html?can=8286
T4,1.0,Fishery reserve,BRITISH COLUMBIA,4,Williams Lake,7.0,HISNIT FISHERY 34,34,BC,6871,https://clss.nrcan-rncan.gc.ca/mb-nc/en/index.html?can=6871
T4,1.0,Fishery reserve,BRITISH COLUMBIA,5,Williams Lake,56.0,HISNIT FISHERY 34,34,BC,6871,https://clss.nrcan-rncan.gc.ca/mb-nc/en/index.html?can=6871
T4,1.0,Fishery reserve,BRITISH COLUMBIA,6,Williams Lake,6.5,HISNIT FISHERY 34,34,BC,6871,https://clss.nrcan-rncan.gc.ca/mb-nc/en/index.html?can=6871
T4,0.875,Grave-yard,BRITISH COLUMBIA,7,Williams Lake,0.14,GRAVEYARD 5,5,BC,8028,https://clss.nrcan-rncan.gc.ca/mb-nc/en/index.html?can=8028
T4,0.875,Grave-yard,BRITISH COLUMBIA,8,Williams Lake,0.25,GRAVEYARD 5,5,BC,8028,https://clss.nrcan-rncan.gc.ca/mb-nc/en/index.html?can=8028
T4,0.875,Grave-yard,BRITISH COLUMBIA,9,Williams Lake,0.16,GRAVEYARD 5,5,BC,8028,https://clss.nrcan-rncan.gc.ca/mb-nc/en/index.html?can=8028
T4,0.875,Grave-yard,BRITISH COLUMBIA,10,Williams Lake,0.1,GRAVEYARD 5,5,BC,8028,https://clss.nrcan-rncan.gc.ca/mb-nc/en/index.html?can=8028
T4,0.875,Grave-yard,BRITISH COLUMBIA,11,Williams Lake,0.17,GRAVEYARD 5,5,BC,8028,https://clss.nrcan-rncan.gc.ca/mb-nc/en/index.html?can=8028
T4,0.875,Grave-yard,BRITISH COLUMBIA,12,Williams Lake,0.16,GRAVEYARD 5,5,BC,8028,https://clss.nrcan-rncan.gc.ca/mb-nc/en/index.html?can=8028
T4,0.875,Grave-yard,BRITISH COLUMBIA,13,Williams Lake,0.9,GRAVEYARD 5,5,BC,8028,https://clss.nrcan-rncan.gc.ca/mb-nc/en/index.html?can=8028
T4,0.875,Grave-yard,BRITISH COLUMBIA,14,Williams Lake,0.3,GRAVEYARD 5,5,BC,8028,https://clss.nrcan-rncan.gc.ca/mb-nc/en/index.html?can=8028
T1,1.0,Carpenter Mountain,BRITISH COLUMBIA,15,Williams Lake,168.76,CARPENTER MOUNTAIN 15,15,BC,8293,https://clss.nrcan-rncan.gc.ca/mb-nc/en/index.html?can=8293
