=== TABLE HEADER (the column definitions of this census table, printed once at the start of the section; use to name the columns) ===

Census Statistics regarding the Eskimos of Canada.

<!-- page 41 -->
TABLE NO. 2. - GRAIN, VEGETABLE, AND ROOT PRODUCTION

Agencies     Wheat            Oats            Other Grains   Peas, Beans, etc. Potatoes        Other Roots    Fodder
             Acres   Bushels Acres Bushels Acres Bushels Acres Bushels Acres Bushels Acres Bushels Hay               Hay       Other
...
             Sown    Harvested Sown Harvested Sown Harvested Sown Harvested Sown Harvested Sown Harvested Cultivated Wild      Fodder
...          ...     ...       ...   ...      ...  ...       ...  ...       ...  ...       ...  ...       Tons       Tons      Tons
ALBERTA      ...     ...       ...   ...      ...  ...       ...  ...       ...  ...       ...  ...       ...        ...       ...
Blackfoot    5,855   60,756    1,854 3,180    20   35        ...  ...       8    222       ...  ...       58         600       912
Blood        6,921   197,642 949 29,598       ...  ...       ...  ...       15   3,000     ...  ...       ...        4,145     975
Edmonton     651     12,817    2,064 50,081   503 10,320     ...  ...       23   1,150     ...  ...       10         619       741
Hobbema      1,030   7,204     2,785 36,080   807 8,690      ...  ...       37   1,939     17   938       837        2,730     ...
Lesser Slave
             30      470      634    4,635    3     65       ...   ...        104    10,771    25    3,477    ...      2,474 644
Lake
Peigan      1,852 28,281      308 539         ...   ...      ...   ...        ...    ...       5     ...      ...      1,141 137
Saddle Lake 578    4,335      654 6,785       20    ...      ...   ...        19     965       7     125      ...      2,579 382
Sarcee      ...    ...        659 12,756      ...   ...      ...   ...        7      560       4     180      ...      304    315
Stony       ...    ...        ...   ...       ...   ...      ...   ...        10     300       10    280      ...      800    500
Total       16,917 311,505    9,907 143,654   1,353 19,110   ...   ...        223    18,907    68    5,000    905      15,392 4,606
BRITISH
            ...    ...        ...    ...      ...   ...      ...   ...        ...    ...       ...   ...      ...      ...     ...
COLUMBIA
Babine      ...      ...      89    199       ...   ...      ...   ...        156    19,890    53    7,615    665      244     162
Bella Coola ...      ...      ...   ...       ...   ...      ...   ...        12     1,250     1     100      55       355   

=== CONTEXT (do NOT extract rows from this part; use only to identify the section headers in effect) ===
  156,279 52,300     12,950    26,695    79,155 16,355 17,090      1,187,251 26,625         ...      26,625
Lake
Total        13,472,612 4,54,370 1,702,087 455,058    488,858   977,234 723,834 508,656   18,782,709 52,695        46,980   99,675

<!-- page 63 -->
MANITOBA ...           ...      ...       ...      ...        ...      ...     ...      ...       ...     ...      ...
Birtle       497,111   1,715    23,880    2,850    17,917     29,910   3,500 3,315      580,198   410     5,425    5,835
Clandeboye 294,285     5,440    159,600   7,300    7,110      25,280   11,300 21,850    532,165   700     2,300    3,000
Fisher River 811,000   13,375   55,540    11,800   16,300     35,600   12,700 22,350    978,665   300     ...      300
Griswold     216,461   1,335    16,730    6,150    30,164     23,744   2,666 5,645      302,895   1,986   310      2,296
Manitowapah 444,601    2,595    33,750    24,250   14,745     64,330   14,37,5 12,200   610,840   ...     7,700    7,700
Norway
             99,260    605      44,700    4,300    1,530      15,000 49,400 14,600      229,395   10      5,350    5,360
House
Pas          266,050   4,180    40,100    11,600   5,525      17,960 69,100 20,500      465,015   ...     ...      ...
Portage la
             354,040   4,220    16,300    10,300   19,200     17,700 1,700    4,000     427,460   420     950      1,370
Prairie
Total        2,982,808 33,465   390,600   78,550   112,4911   229,524 161,741 104,460   4,096,639 3,826   22,035   25,801



=== EXTRACT FROM HERE (pages 64-71) ===
<!-- page 64 -->
                                          Value of                                                  Progress During The Year 1923
                                                               Value                     Total
                Total    Value            Public    Value of           Value
                                 Value of                      of Live         Value of Value of                          Total
                Value of of               Buildings Implements         of                           Value of    Value of
Agencies                         Private                       Stock           Household Real and                         Increase
                Lands in Private          Property and                 General                      New Land    Buildings
                                 Building                      and             Effects   Personal                         in
                Reserve Fencing           of the    Vehicles           Effects                      Improvement Erected
                                                               Poultry                   Property                         Value
                                          Band
...             $        $       $        $         $          $       $       $         $          $            $        $
NEW
          ...            ...     ...      ...      ...        ...     ...     ...        ...        ...          ...      ...
BRUNSWICK
Northern
                19,060   150     11,500   16,200   1,200      1,450   940     3,800      54,300     230          ...      230
Division
Northeastern
                45,048   2,328   28,911   35,682   5,244      4,310   6,000   16,490     114,013    ...          785      785
Division
Southwestern
                6,600    470     10,455   16,000   400        410     1,240   1,675      37,250     ...          1,300    1,300
Division
Total       70,708       2,948   50,866   67,882   6,844      6,170   8,180   21,965     235,563    230          2,085    2,315
NORTHWEST
            ...          ...     ...      ...      ...        ...     ...     ...        ...        ...          ...      ...
TERRITORIES
Fort Resolution ...      ...     20,000   ...      ...        57,750 13,000 12,750       103,500    ...          4,500    4,500
Nova Scotia     ...      ...     ...      ...      ...        ...    ...    ...          ...        ...          ...      ...
Annapolis       1,200    20      1,750    ...      100        83     370    200          3,123      15           10       25
Antigonish and
                6,000    875     2,550    3,000    425        675     325     500        14,350     ...          200      200
Guysboro
Cape Breton
                14,000   500     1,200    ...      2,000      2,500   1,200   1,000      22,400     200          ...      200
(Ekasoni)
Cape Breton
                8,500    ...     5,000    ...      ...        ...     1,500   1,250      16,250     ...         ...       ...
(Sydney)
Colchester      3,000    200     6,000    1,000    500        400     400     550        12,050     50          200       250
Cumberland      1,100    20      1,050    100      150        200     205     255        3,080      ...         ...       ...
Digby           1,800    60      2,500    2,000    ...        12      300     3,900      10,172     ...         ...       ...
Halifax         1,050    995     5,500    ...      350        1,650   1,780   2,175      14,400     ...         ...       ...
Hants (Indian
                5,550    110     1,360    2,800    180        445     187     585        11,217     40          450       490
Brook)
Hants
                10,500   ...     2,000    ...      200        400     500     800        14,400     ...         ...       ...
(Windsor)
Inverness       27,000   1,100   16,400   4,700    575        2,550   750     860        53,935     50          450       500
King            5,000    150     1,500    ...      200        450     600     500        8,400      680         ...       680
Lunenburg       3,000    320     2,500    200      150        500     500     1,000      8,170      ...         ...       ...
Pictou          1,500    60      9,800    8,450    425        175     730     1,800      22,940     ...         ...       ...
Queens          3,550    100     2,400    ...      150        250     100     1,050      7,600      ...         ...       ...
Richmond        7,000    250     3,850    12,000   1,000      2,250   1,000   800        28,150     ...         300       300
Shelburne       ...      ...     1,500    ...      40         60      450     400        2,450      ...         ...       ...
Victoria        7,000    215     2,000    2,240    400        950     700     450        13,955     10          60        70
Yarmouth        500      ...     300      ...      25         ...     ...     300        1,125      ...         ...       ...

<!-- page 65 -->
Total            108,150   4,975    69,160 36,490     6,870     13,550   11,597   17,975   268,767    1,045   1,670    2,715
ONTARIO          ...       ...      ...     ...       ...       ...      ...      ...      ...        ...     ...      ...
Alnwick          75,000    5,200    33,200 7,500      3,560     6,450    2,110    14,675   147,695    ...     1,200    1,200
Cape Croker      150,000   8,450    70,500 35,250     15,300    30,500   10,000   10,000   330,000    100     1,800    1,900
Caradoc          150,350   13,850   115,050 35,000    26,400    29,900   2,050    32,750   405,850    100     5,700    5,800
Chapleau         18,400    340      32,000 775        ...       175      5,000    ...      56,690     ...     ...      ...
Christian Island 35,400    1,600    8,100   7,000     3,000     7,000    2,000    3,000    67,100     200     100      300
Fort Frances     216,195   1,200    26,500 8,300      16,515    7,100    7,480    8,400    292,290    5,000   2,000    7,000
Fort William     182,000   600      27,000 3,000      2,071     7,220    8,761    8,000    238,652    460     3,300    3,760
Georgina
                 32,150    500      8,500    13,000   1,500     2,500    8,000    1,700    67,850     ...     1,000    1,000
Island
Golden Lake     3,000      700    4,000      3,100    900       1,400 3,000 3,000          19,100     ...     600      600
Gore Bay        80,000     15,020 30,000     22,700   8,500     15,260 7,200 16,400        195,080    ...     ...      ...
Kenora          125,897    808    47,560     225      6,025     6,710 36,820 20,420        244,465    ...     ...      ...
Manitowaning    247,000    21,370   69,075 33,100     43,500    31,650   18,190   42,710   506,595    700     400      1,100
Moravian        75,200     5,000    80,000 7,500      10,000    12,000   1,200    2,500    143,400    500     1,500    2,000
New Credit      225,000    11,500   50,300 8,900      12,000    20,350   1,000    14,900   343,950    388     1,290    1,678
Parry Sound     122,000    950      20,900 20,300     7,980     13,520   7,621    16,000   209,271    ...     3,000    3,000
Rama            50,000     4,100    28,250 13,200     2,500     3,545    2,000    7,500    111,095    650     2,000    2,650
Rice Lake       115,000    4,000    55,500 11,500     8,500     19,500   7,700    11,700   233,400    ...     2,500    2,500
Sarnia          630,450    15,400   104,300 38,500    26,000    25,700   6,400    30,500   877,250    75      7,000    7,075
Saugeen         80,000     2,000    24,500 30,000     5,000     18,000   3,000    4,500    167,000    1,400   10,500   11,900
Sault Ste.
                54,900     2,725    27,000   33,250   6,975     16,300 10,500 13,500       165,150    ...     8,000    8,000
Marie
Savanne         101,910 468       9,575   25          4,300     1,096 42,935 23,200        183,509 ...        ...      ...
Scugog          60,000    2,000 2,000     500         400       600     300   950          66,750    ...      ...      ...
Six Nations     1,092,400 436,960 680,000 60,500      297,200   270,240 4,500 76,400       2,918,200 ...      800      800

<!-- page 66 -->
                                                Value of                                                 Progress During The Year 1923
                                                                     Value                     Total
                    Total     Value             Public    Value of           Value
                                      Value of                       of Live         Value of Value of                          Total
                    Value of of                 Buildings Implements         of
Agencies                              Private                        Stock           Household Real and Value of      Value of
                                                                                                                                Increase
                    Lands in Private            Property and                 General
                                      Building                       and             Effects   Personal New Land      Buildings
                                                                                                                                in
                    Reserve Fencing             of the    Vehicles           Effects
                                                                     Poultry                   Property Improvement Erected Value
                                                Band
...                 $         $       $         $         $          $       $       $         $         $            $         $
ONTARIO - Con.      ...       ...     ...       ...       ...        ...     ...     ...       ...       ...          ...       ...
Sturgeon Falls      242,190 2,350 51,200        11,500    5,300      17,600 23,000 43,000      396,140 ...            2,200     2,200
Thessalon           120,064 9,705 14,500        10,000    4,580      10,800 12,643 8,363       199,655 750            ...       750
Tyendinaga          645,300 134,825 100,000 44,800        42,800     80,000 2,645 55,800       1,106,170 ...          ...       ...
Total               4,939,406 701,621 1,669,510 459,425 560,806      655,116 236,055 469,868   9,691,807 2,225        28,500    30,725
PRINCE EDWARD
               20,000        1,750     10,000    10,000    1,150     2,600    3,200    3,300    52,000   50           ...       50
ISLAND
Quebec        ...       ...            ...       ...       ...       ...     ...     ...        ...       ...         ...       ...
Bécancour     5,000     460            1,500     ...       180       545     200     280        8,165     ...         ...       ...
Bersimis      51,000    675            52,700    33,000    800       3,300 8,700 14,000         164,175 1,150         9,700     10,850
Cacouna       6,000     ...            2,650     ...       740       250     ...     1,325      10,965    ...         ...       ...
Caughnawaga   750,000 8,000            150,000   75,000    32,000    60,000 20,000 100,000      1,495,000 500         1,200     1,700
Jeune Lorette 30,000    500            49,000    27,000    3,600     1,400 1,460 17,500         180,410 ...           2,000     2,000
Maniwaki      34,920    4,170          20,535    2,095     11,163    12,30,0 6,710 13,090       105,273 400           600       1,000
Maria         24,000    560            3,000     2,000     200       300     750     2,000      32,810    300         200       500
Mingan        ...       ...            3,000     2,000     ...       ...     7,700 2,000        14,700    ...         ...       ...
Oka           ...       3,000          20,000    3,000     4,000     9,000 ...       5,000      44,000    400         3,000     3,400
Pierreville   35 000    1,000          61,500    2,500     1,200     3,500 2,000 16,000         122,700 500           1,100     1,600
Pointe Bleue  40,000    5,900          35,000    6,000     17,000    13,500 15,000 13,000       145,400 500           4,000     5,500
Restigouche   173,000 12,100           56,000    ...       15,000    10,000 15,000 17,000       301,100 ...           5,000     5,000
Seven Islands 500       ...            8,800     4,000     ...       ...     6,000 12,000       31,300    ...         ...       ...
St. Regis     256,000 2,000            110,000   15,000    13,950    38,000 10,000 39,000       483,950 6,000         10,000    16,000
Timiskaming   35,000    1,600          8,500     1,750     2,800     4,800 8,500 3,800          66,750    ...         250       250
Total         1,440,420 40,165         882,185   173,345   102,633   156,985 105,010 255,995    3,156,738 10,750      37,050    47,800
SASKATCHEWAN ...        ...            ...       ...       ...       ...     ...     ...        ...       ...         ...       ...
Assiniboine   428,858 5,461            20,015    4,035     22,880    36,855 770      8,985      527,859 ...           685       685
Battleford    3,234,773 32,600         76,200    21,300    82,400    74,300 17,600 19,800       3,558,973 4,850       6,500     11,350
Carlton             1,545,224 12,646   69,097    32,425    30,422    67,523   7,720    10,866   1,775,923 4,088       785       5,773
Crooked Lakes       1,036,662 34,200   62,700    ...       63,945    60,030   5,100    15,400   1,328,037 8,050       1,070     9,120
Duck Lake           1,769,815 20,308   35,450    17,900    33,600    80,214   6,300    24,550   1,988,137 3,735       ...       3,735
File Hills Agency   525,000 4,000      9,000     300       5,600     13,700   1,150    3,400    562,150 190           30        220
File Hills Colony   400,000 600        50,000    12,000    21,000    25,000   600      8,000    517,200 225           300       525
Isle à la Crosse    4,103     330      26,880    400       ...       ...      39,014   5,320    76,047    ...         ...       ...
Moose Mountain      250,800 2,500      9,500     3,000     9,000     10,700   2,000    2,000    289,500 175           100       275

<!-- page 67 -->
Moose Woods   62,495    6,990 5,860     2,500   6,000    21,203 2,500 10,250    117,788 ...       ...   ...
Onion Lake    2,191,740 14,000 51,500   2,500   31,954   68,530 10,100 15,700   2,385,924 1,976   680   2,656

<!-- page 68 -->
                                          Value of                                                        Progress During The Year 1923
                                                               Value of
              Total                       Public    Value of                                  Total Value
                        Value of Value of                      Live         Value of Value of                                    Total
              Value of                    Buildings Implements                                of Real and Value of     Value of
Agencies                Private  Private                       Stock        General Household                                    Increase
              Lands in                    Property and                                        Personal    New Land     Buildings
                        Fencing Building                       and          Effects  Effects                                     in
              Reserve                     of the    Vehicles                                  Property    Improvement Erected
                                                               Poultry                                                           Value
                                          Band
...           $         $        $        $         $          $            $         $         $            $          $         $
Pelly         669,8241 4,300     27,500   3,900     22,5501    27,1901      5,300     12,500    773,064      1,950      600       2,550
Qu'Appelle    949,7301 13,1401 37,600     29,900    46,685     54,075       4,595     14,700    1,110,4251   2,940      500       3,440
Touchwood     1,190,255 19,985   28,060   1,650     16,800     56,700       18,000    16,550    1,348,000    795        1,800     2,595
Wood
Mountain   15,840     25          1,200     100       1,200       4,100     300       850       23,615       300        ...       300
Reserve
Total      14,325,119 171,085     510,552   131,910   393,936     600,120   121,049   168,871   16,4212,642 30,174      13,050    43,224
RECAPITULATION
PROVINCES ...         ...         ...       ...       ...         ...       ...       ...       ...        ...          ...       ...
Alberta    17,218,847 133,082     633,622   154,845   452,500     673,831   132,233   139,732   19,538,692 33,820       67,500    101,320
British
           13,472,612 454,370     1,702,087 455,058   188,858     977,234   723,834   508,656   18,782,709 52,695       46,980    99,675
Columbia
Manitoba      2,982,808 33,465    390,600   78,550    112,491     229,524   164,741   104,460   4,096,639    3,826      22,035    25,861
New
              70,708    2,948     50,866    61,882    6,844       6,170     8,180     21,965    235,563      230        2,085     2,315
Brunswick
Northwest
              ...       ...       20,000    ...       ...         57,750    13,000    12,750    103,500      ...        4,500     4,500
Territories
Nova Scotia 108,150     4,975     69,160    36,490    6,870       13,550    11,597    17,975    268,767      1,045      1,670     2,715
Ontario      4,939,406 701,621 1,669,510 459,425 560,806          655,116   236,655   469,868   9,691,807    2,225      28,500    30,725
Prince
Edward       20,000     1,750     10,000    10,000    1,150       2,600     3,200     3,300     52,000       50         ...       50
Island
Quebec       1,440,420 40,165     882,185 173,345 102,633         156,985 105,010 255,995       3,156,738 10,750        37,050    41,800
Saskatchewan 14,325,119 171,085 510,552 131,910 393,936           600,120 121,049 168,871       16,422,642 30,174       13,050    43,224
Total        54,578,070 1,543,461 5,938,582 1,567,505 2,126,088   3,372,880 1,518,899 1,703,572 72,349,057 134,815      223,370   358,185

<!-- page 69 -->
TABLE No. 6. - SOURCES AND VALUE OF INCOME

                      Value
                                                                                     Annuities
            Value of of Beef                                     Earned Earned by
                                        Received                                     paid and
            Farm      also of                    Received Earned by       other                  Total
                              Wages     from                                         Interest on
Agencies    Products, that                       from     by     Hunting Industries              Income of
                              Earned    Land                                         Indian
            including used                       Timber Fishing and       and                    Indians
                                        Rentals                                      Trust
            Hay       for                                        Trapping Occupation
                                                                                     Funds
                      Food
...         $         $       $         $ cts.    $ cts.    $        $         $        $ cts.      $ cts.
ALBERTA     ...       ...     ...       ...       ...       ...      ...       ...      ...         ...
Blackfoot   93,000 8,500 5,000          38,477 64 ...       ...      ...       12,000   59,970 57   216,948 21
Blood       315,000 11,340 25,000       26,610 45 ...       ...      1,000     15,000   7,323 20    401,273 65
Edmonton    55,466 1,414 19,500         128 00    ...       775      3,000     800      26,248 93   107,331 93
Hobbema     52,388 3,800 12,034         2,996 00 ...        3,246    478       7,682    13,534 14   96,158 14
Lesser Slave
             34,170   2,180    28,520 ...          ...      9,000    384,715 ...        16,762 65 475,947 55
Lake
Peigan      47,125    7,602    8,000    1,734 20 ...        ...      150       ...      7,150 76 71,761 96
Saddle Lake 28,302    7,405    10,225   50 00     ...       1,775    7,125     5,130    4,236 29 64,248 29
Sarcee      11,292    700      3,760    1,562 00 ...        ...      300       3,398    848 99     21,850 99
Stony       10,000    1,288    33,022   1,663 00 ...        ...      6,863     5,036    4,307 00 63,079 00
Total       647,343   44,229   145,06   73,211 29 ...       14,796   403,631   49,946   140,382 43 1,518,599 72
BRITISH
            ...       ...      ...      ...        ...      ...      ...       ...      ...         ...
COLUMBIA
Babine      27,820    71 000   48,800 120 00       ...       21,700 69,700     28,300   112 68      267,552 68
Bella Coola 6,000     1,700    26,000 1,650 00     77,500    28,500 57,000     ...      428 39      198,778 39
Cowichan    50,125    3,360    128,050 1,686 57    4,183 15 26,200 1,500       7,500    3,621 69    226,226 41
Kamloops    327,671   ...      19,000 2,189 20     11,638 25 ...    3,000      ...      2 827 68    366,326 13
Kootenay    32,890    9,250    31,650 150 00       4,163     20,075 2,850      3,725    61 09       85,714 29
Kwawkelwth ...        ...      27,900 620 00       2,239 72 123,400 5,650      27,550   1,388 55    188,748 27
Lytton      48,500    11,905   88,200 112 00       3,900 34 800     5,380      13,200   1,772 23    1,13,769 57
New
            28,635    6,465    48,100 5,927 66 15,650 20 16,350 7,650          2,000    3,800 00    134,577 86
Westminster
Okanagan    15,500    15,500 29,500 2,330 20 120 00         250      ...       1,425    937 33      115,562 53
Queen
            8,000     3,000    32,000 ...          ...      10,000 27,000      700      112 51      80,812 51
Charlotte
Skeena River 34,830   550      60,000   150 00     343 72    138,500 72,500    48,500   3,423 30    358,797 02
Stikine      2,080    ...      27,180   ...        ...       12,710 99,169     22,105   ...         163,244 00
Stuart Lake 30,260    7,300    28,645   ...        ...       16,020 39,270     4,490    2,126 96    128,111 96
Vancouver 3,500       200      31,000   7,684 45   50,950 69 27,250 8,100      22,700   12,263 25   163,648 39
West Coast 403        ...      14,370   310 00     32 26     86,715 1,168      4,955    302 10      108,255 36
William
             52,681   4,500    32,950 ...          ...      ...      26,225    ...      61 18       116,417 18
Lake

<!-- page 70 -->
Total        718,895   134,730 673,345 21,280 08 94,871 53 575,370 371,362   253,450   33,238 94   2,876,542 55
MANITOBA ...           ...     ...     ...       ...       ...     ...       ...       ...         ...
Birtle       27,262    455     4,785 269,20      11 00     585     1,442     3,825     1,004 52    42,638 72
Clandeboye 28,188      1,650 15,650 135 00       446 30    12,200 25,800     6,650     12,971 20   103,690 50
Fisher River 34,450    2,100 48,000 ...          ...       4,300 5,100       9,500     9,316 53    112,766 53
Griswold     32,179    125     5,328 ...         ...       65      1,719     1,420     3 17        41,439 17
Manitowapah 29,785     3,025 16,950 ...          ...       8,650 12,007      6,650     10,334 14   87,401 14
Norway
             4,850     450     19,500 ...       ...       18,000 200,000 14,200        13,505 00 270,505 00
House
Pas          10,425    2,170   35,000 195 00    36 40     15,500 132,000 ...           14,077 51 209,403 91
Portage la
             43,068    220     1,450   612 57   ...       ...     1,175      1,900     8,716 08    57,141 65
Prairie
Total        210,807 10,195 146,663 1,211 77 493 70       59,300 379,243 44,145        79,928 15 924,986 62

<!-- page 71 -->
                           Value
                           of                                                            Annuities
                 Value of                                            Earned Earned by
                           Beef             Received                                     paid and
                 Farm                                Received Earned by       other                Total
                           also of Wages    from                                         Interest
Agencies         Products,                           from     by     Hunting Industries            Income of
                           that    Earned   Land                                         on Indian
                 including                           Timber Fishing and       and                  Indians
                           used             Rentals                                      Trust
                 Hay                                                 Trapping Occupation
                           for                                                           Funds
                           Food
...              $         $       $        $ cts.   $ cts.   $       $        $         $ cts.    $ cts.
NEW
          ...             ...     ...       ...      ...      ...     ...      ...       ...       ...
BRUNSWICK
Northern
                 1,800    ...     13,500 ...         ...      1,100   1,800    ...       1,517 54 19,717 54
Division
Northeast
                 7,210    150     9,300     ...      1,329 94 4,425   455      2,300     55 84     18,048 94
Division
Southwestern
                 1,005    ...     13,000 ...         63 10    150     1,200    2,575     55 84     18,048 94
Division
Total       10,015        150     35,800 ...         1,393 04 5,675   3,455    4,875     2,256 94 63,619 98
NORTHWEST
            ...           ...     ...       ...      ...      ...     ...      ...       ...       ...
TERRITORIES
                                                                                                   121,500
Fort Resolution ...       ...     6,500     ...      ...      ...     115,000 ...        ...
                                                                                                   000
NOVA
                 ...      ...     ...       ...      ...      ...     ...      ...       ...       ...
SCOTIA
Annapolis      275        ...     350       ...      ...      50      170      700       731 85    2,276 85
Antigonish and
               825        125     2,125     77 00    ...      475     425      2,625     24 24     6,701 24
Guysboro
Cape Breton
                 4,000    200     1,500     ...      ...      200     300      1,000     ...       7,200 00
(Eskasoni)
Cape Breton
                 ...      ...     15,000 ...         ...      ...     ...      ...       17 76     15,017 76
(Sydney)
Colchester       300      ...     3,000     ...      ...      ...     300      4,000     164 14    7,764 14
Cumberland       90       ...     4,200     ...      ...      ...     135      1,875     79 40     6,374 40
Digby            300      ...     2,000     ...      12 00    300     500      1,000     5 00      4,117 00
Halifax          2,000    1,825   9,700     ...      ...      200     ...      6,450     366 61    20,541 61
Hants (Indian
                 395      ...     195       ...      ...      ...     300      665       52 44     1,607 44
Brook)
Hants
                 500      ...     4,000     ...      ...      200     2,000    400       ...       7,100 00
(Windsor)
Inverness        1,700    130     2,500     ...      ...      1,100   850      1,250     ...       7,530 00
Kings            300      50      3,000     ...      14 61    100     400      450       0 55      4,315 16
Lunenburg        900      100     1,200     ...      ...      ...     300      1,500     3 79      4,003 79
Pictou           250      ...     1,000     ...      ...      200     1,000    3,500     ...       5,950 00
Queens           140      140     3,000     100 00   ...      200     152      ...       176 73    3,908 73
Richmond         1,590    50      450       ...      ...      150     35       70        1 00      2,346 00

