=== TABLE HEADER (the column definitions of this census table, printed once at the start of the section; use to name the columns) ===

Census Statistics regarding the Eskimos of Canada.]

<!-- page 42 -->
TABLE No. 2 - GRAIN, VEGETABLE AND ROOT PRODUCTION

                                                                Peas, Beans,
               Wheat             Oats            Other Grains                  Potatoes        Other Roots     Fodder Tons
                                                                Etc.
Agencies
               Acres Bushels Acres Bushels Acres Bushels Acres Bushels Acres Bushels Acres Bushels Hay              Hay         Other
               Sown Harvested Sown Harvested Sown Harvested Sown Harvested Sown Harvested Sown Harvested Cultivated Wild        Fodder

               ...     ...       ...    ...      ...   ...      ...   ...      ...   ...       ...   ...       ...      ...     ...
ALBERTA
Blackfoot      4,963   136,442   1,425 34,191    26    864      ...   ...      20    1,225     ...   ...       ...      613     1,656
Blood          9,788   77,745    847 2,482       ...   ...      ...   ...      5     350       ...   ...       ...      1,500   500
Edmonton       1,231   30,237    1,613 37,594    525   14,309   ...   ...      19    992       7     241       ...      2,320   599
Hobbema        1,636   31,302    2,019 55,079    316   7,111    ...   ...      28    1,423     20    323       354      4,735   6,021
Lesser Slave
               30      650       155    4,300    ...   ...      ...   ...      71    6,655     2     230       ...      2,130 639
Lake
Peigan      1,595 32,736         257 405         ...   ...      ...   ...      ...   ...       ...   ...       ...      851    200
Saddle Lake 587    13,306        722 26,719      7     ...      ...   ...      12    1,077     11    331       ...      3,455 71
Sarcee      (t)50 ...            (t)529 ...      ...   ...      ...   ...      8     215       4     70        ...      313    *490
Stony       ...    ...           ...    ...      ...   ...      ...   ...      10    150       10    175       250      1,080 ...
Total       19,880 322,418       7,597 160,770   870   22,284   ...   ...      173   12,087    54    1,370     604      16,997 10,170

BRITISH     ...        ...       ...    ...      ...   ...      ...   ...      ...   ...       ...   ...       ...      ...     ...
COLUMBIA
Babine      ...        ...       81     226      ...   ...      ...   ...      103   13,550    55    8,200     1,061    550     226
Bella Coola ...        ...       ...    ...      ...   ...      ...   ...      

=== CONTEXT (do NOT extract rows from this part; use only to identify the section headers in effect) ===
7      1,420 2,688 3,294 1,293 5,495     ...    374     1,557 12,460 790     1,891
British
              218      10,370   1,672 239      2,267 3,060 2,866 5,856 32,041 1,441 3,557       7,708 62,584 2,000 2,444
Columbia
Manitoba      9        1,987    158   39       628   1,543 1,382 108     5,151   55     2,242   3,311 44,574 6,672 2,236
New
              ...      38       1     1        3     31     24    5      453     41     152     258   1,265   187    48
Brunswick
Northwest
              ...      ...      ...   ...      ...   ...    ...   ...    1,850   53     640     735   9,080   870    391
Territories
Nova Scotia ...        53       ...   2        14    102   72    50    539    18        73      312   1,549 37     37
Ontario       46       3,559    420   129      1,048 3,744 3,477 5,256 72,209 422       2,399   4,254 78,513 3,024 1,718
Prince Edward
              ...      16       1     ...      ...   16     12    ...    130     4      9       27    60      32     ...
Island
Quebec       11        744      122   241      43    2,294 698   1,141 14,300 93        1,293   2,248 32,440 664   972
Saskatchewan 9         6,091    132   94       993   3,032 2,860 513   10,699 ...       564     2,446 35,530 1,163 1,771
Yukon
             ...       1        ...   ...      ...   2      1     ...    35      2      ...     4     ...     ...    2
Territory
Total         375      38,041   3,606 852      6,416 16,512 14,686 14,222 142,902 2,130 11,303 22,860 278,055 15,439 11,510



=== EXTRACT FROM HERE (pages 65-72) ===
<!-- page 65 -->
TABLE NO. 5. - VALUE OF REAL AND PERSONAL PROPERTY AND PROGRESS DURING THE YEAR.

                                             Value of                                                   Progress During the Year 1926
                                                                  Value                     Total
               Total       Value             Public    Value of           Value
                                   Value of                       of Live         Value of Value of                            Total
               Value of    of                Buildings Implements         of                            Value of New Value of
Agencies                           Private                        Stock           Household Real and                           Increase
               Lands in    Private           Property and                 General                       Land         Buildings
                                   Buildings                      and             Effects   Personal                           in
               Reserves    Fencing           of the    Vehicles           Effects                       Improvements Erected
                                                                  Poultry                   Property                           Value
                                             Band
...            $           $       $         $         $          $       $       $         $           $             $         $

               ...         ...      ...       ...       ...       ...      ...     ...      ...         ...           ...       ...
ALBERTA
Blackfoot      3,000,000   24,000   302,000   58,500    110,000   130,000 8,500    25,500   3,658,500   500           4,500     5,000
Blood          7,081,720   31,000   82,400    23,500    167,000   254,760 38,500   28,500   7,707,380   5,000         2,400     7,400
Edmonton       1,185,915   16,850   90,800    9,425     34,700    30,885 5,810     13,850   1,388,235   2,440         4,100     6,540
Hobbema        1,528,480   31,277   39,810    ...       83,692    75,113 11,284    6,525    1,776,181   7,264         1,510     8,774
Lesser Slave
               2,393,302 14,200 53,650        ...       20,230    66,755 47,259 28,245      2,623,641 1,275           ...       1,275
Lake
Peigan      985,090    4,687 37,984           10,320    51,878    110,170 16,117 10,739     1,226,895 4,045           900       4,945
Saddle Lake 718,208    2,922 23,595           ...       20,456    31,781 5,335 7,100        809,397    907            350       1,257
Sarcee      1,180,420 10,500 20,500           35,000    10,000    29,610 2,000 2,000        1,290,030 325             ...       325
Stony       441,290    9,000 16,000           900       13,210    37,300 8,142 10,000       535,842    ...            ...       ...
Total       18,514,425 144,436 666,739        137,555   511,166   766,374 142,947 132,459   21,016,101 21,756         13,760    35,516

BRITISH     ...            ...      ...       ...       ...       ...      ...     ...      ...         ...           ...       ...
COLUMBIA
Babine      118,890        12,520 150,700     12,750    25,150    74,800 64,300 33,900      493,010     6,250         5,800     12,050
Bella Coola 352,600        2,500 125,000      14,100    22,500    17,825 134,000 62,000     730,525     1,000         8,500     9,500
Cowichan    1,757,300      118,900 185,950    12,300    109,750   48,850 73,700 79,550      2,386,300   2,675         2,800     5,475
Kamloops    3,475,293      53,641 116,130     44,238    105,575   187,450 143,325 17,645    4,143,297   ...           ...       ...
Kootenay    471,980        11,860 20,335      117,700   27,775    87,465 8,190 7,150        752,455     ...           ...       ...
Kwawkewlth 246,159         2,280 176,100      4,400     85,500    258     75,800 76,000     666,497     1,500         5,300     6,800
Lytton      940,666        20,015 76,415      23,580    41,019    74,085 10,385 19,735      1,205,900   4,950         3,400     8,350
New
            771,583        17,645 68,800      20,100    18,925    35,085 27,530 27,975      987,643     ...           ...       ...
Westminster
Okanagan       1,919,260 23,450 125,650       33,900    51,000    184,000 12,500 20,250     2,370,010 6,500           3,650     10,150
Queen
               70,000      1,000    72,000    1,600     5,100     3,600    39,000 28,000    220,300     ...           4,000     4,000
Charlotte
Skeena River 1,066,821     10,450   302,000   115,600   5,800     6,825    247,500 61,350   1,816,346   ...           2,000    2,000
Stikine      2,075         40       20,613    ...       4,340     3,500    14,755 27,590    72,913      ...           ...      ...
Stuart Lake 258,846        15,415   92,300    25,200    14,245    34,270   22,450 26,615    489,341     950           300      1,250
Vancouver    1,945,495     5,900    107,000   54,200    11,200    5,800    23,435 26,300    2,179,330   ...           ...      ...
West Coast 112,500         3,815    143,100   3,675     3,144     3,265    60,150 30,840    360,489     ...           3,700    3,700
Williams
             472,360       73,000 46,470      12,050    19,110    84,220 14,150 15,400      736,760     ...           750       750

<!-- page 66 -->
Lake
Total        13,981,828 372,431 1,828,563 495,393   550,133   851,298 971,170 560,300    19,611,116 23,825   40,200   64,025

             ...       ...     ...       ...        ...       ...      ...      ...      ...         ...     ...      ...
MANITOBA
Birtle       499,587   2,305   26,775    2,750      20,360    30,850   4,540    4,075    591,242     576     950      1,526
Clandeboye 294,089     5,440   165,000   12,500     8,650     25,195   13,600   23,150   547,624     2,150   3,700    5,850
Fisher River 847,545   9,685   44,005    11,800     15,900    54,830   11,500   12,850   1,008,115   96      860      956
Griswold     217,040   1,135   16,955    8,710      29,600    24,150   2,660    5,645    305,895     100     6,550    6,650
Manitowapah 366,101    2,070   50,000    33,750     16,425    70,350   14,500   12,550   565,746     200     12,850   13,050
Norway
             132,262   710     46,500    7,700      1,570     14,900 51,500 14,600       269,742     ...     1,300    1,300
House
Pas          270,450   5,180   43,600    13,600     5,200     22,125 68,300 20,500       448,955     ...     ...      ...
Portage la
             354,040   4,400   19,200    14,500     19,080    18,100 1,775      4,300    435,395     360     1,500    1,860
Prairie
Total        2,981,114 30,925 412,035    105,310    116,785   260,500 168,375 97,670     4,172,714 3,482     27,710   31,192

<!-- page 67 -->
                                            Value of                                       Total    Progress During the Year 1926
                                                                 Value
                 Total    Value             Public    Value of           Value             Value
                                  Value of                       of Live         Value of
                 Value of of                Buildings Implements         of                of Real Value of New Value of Total
Agencies                          Private                        Stock           Household                                   Increase
                 Lands in Private           Property and                 General           and      Land          Buildings
                                  Buildings                      and             Effects
                 Reserves Fencing           of the    Vehicles           Effects           Personal Improvements Erected in
                                                                 Poultry                                                     Value
                                            Band                                           Property
...              $        $       $         $         $          $       $       $         $        $             $          $
NEW
                 ...      ...     ...       ...       ...        ...     ...     ...        ...      ...           ...       ...
BRUNSWICK
Northern
                 19,060   130     11,500    31,200    1,500      1,830   525     4,750      70,495   150           6,000     6,150
Division
Northeastern
                 45,048   2,328   28,921    35,682    5,244      4,310   6,000   16,490     144,023 250            980       1,230
Division
Southwestern
                 6,850    470     15,630    12,000    500        400     1,240   1,675      38,765   ...           1,550     1,550
Division
Total            70,958   2,928   56,051    78,882    7,244      6,540   7,765   22,915     253,283 400            8,530     8,930

NORTHWEST ...             ...     ...       ...       ...        ...     ...     ...        ...      ...           ...       ...
TERRITORIES
Fort Resolution ...       ...     ...       ...       ...        ...     34,700 24,000      58,700   ...           ...       ...

NOVA             ...      ...     ...       ...       ...        ...     ...     ...        ...      ...           ...       ...
SCOTIA
Annapolis        1,200    12      1,850     ...       300        75      360     400        4,197    ...           25        25
Antigonish and
                 6,000    975     2,950     3,000     475        675     310     460        14,845   ...           275       275
Guysboro
Cape Breton
                 10,000   200     1,000     4,500     700        1,200   800     900        19,300   200           500       700
(Eskasoni)
Cape Breton
                 20,000   ...     15,000    2,500     25         ...     250     1,800      39,575   ...           ...       ...
(Sydney)
Colchester       3,000    200     6,500     1,000     800        500     400     550        12,950   ...           100       100
Cumberland       1,100    20      750       100       300        150     250     50         2,720    ...           50        50
Digby            1,800    60      2,500     2,000     ...        ...     300     3,500      10,160   ...           450       450
Halifax          3,900    1,400   6,350     ...       1,150      2,175   1,080   2,350      18,405   ...           ...       ...
Hants (Indian
                 5,550    135     785       2,900     200        595     202     415        10,782   ...           ...       ...
Brook)
Hants (Windsor) 10,500    ...     1,500     ...       300        300     400     600        13,600   ...           ...       ...
Inverness       9,725     1,100   16,400    5,500     575        2,550   750     860        37,460   ...           1,800     1,800
Kings           4,500     100     1,200     ...       100        250     250     400        6,800    ...           ...       ...
Lunenburg       3,000     320     2,500     300       250        600     500     1,000      8,470    ...           ...       ...
Pictou          1,500     45      9,200     8,450     400        180     816     1,700      22,291   ...           100       100
Queens          2,500     100     2,000     ...       125        260     325     1,000      6,310    ...           ...       ...
Richmond        7,000     250     3,850     12,000    1,000      2,250   1,000   800        28,150   900           600       1,500
Shelburne       ...       ...     1,500     ...       300        60      500     400        2,760    ...           ...       ...

<!-- page 68 -->
Victoria           6,500     275      2,500     3,250    400      700    500      400      14,525 40       30      70
Yarmouth           500       ...      500       500      ...      ...    100      200      1,800   ...     ...     ...
Total              98,275    5,192    78,835    46,000   7,400    12,520 9,023    17,785   275,100 1,140   3,930   5,070

                   ...       ...      ...       ...      ...      ...    ...      ...      ...     ...     ...     ...
ONTARIO
Alnwick            75,000    5,000    35,000    8,000    4,600    9,830 2,850     15,200   155,480 ...     1,500   1,500
Cape Croker        150,000   8,490    71,750    35,250   15,600   32,000 7,600    7,800    328,490 40      1,850   1,890
Caradoc            150,350   14,050   116,550   35,000   25,000   35,100 2,225    32,700   410,975 350     750     1,100
Chapleau           18,400    350      35,000    1,000    ...      ...    5,000    ...      59,750 ...      ...     ...
Christian Island   35,700    1,890    8,750     7,150    3,250    7,300 2,000     3,275    69,315 200      200     400
Fort Frances       223,347   1,200    33,100    8,300    17,792   8,100 7,730     11,150   310,719 4,000   1,500   5,500
Fort William       182,460   600      31,500    6,300    2,429    7,470 10,061    8,000    248,820 ...     4,500   4,500
Georgina Island    32,150    350      8,500     5,500    1,000    3,500 5,500     1,500    58,000 755      ...     755
Golden Lake        3,000     700      4,000     3,100    800      1,500 3,000     3,000    19,100 ...      ...     ...
Gore Bay           125,000   14,020   30,000    26,550   9,750    17,870 7,200    16,200   246,590 ...     3,850   3,850
Kenora             128,874   1,074    50,560    325      7,855    6,203 35,885    27,185   257,961 ...     ...     ...
Manitowaning       247,000   22,475   70,275    36,850   44,690   39,220 19,630   43,055   523,195 655     1,500   2,150
Moravian           65,000    4,500    25,000    7,500    10,000   10,000 22,000   2,000    146,000 600     500     1,100
New Credit         225,000   11,500   50,900    9,000    11,375   16,900 1,000    14,500   340,175 ...     350     350
Parry Sound        122,000   950      20,900    19,300   12,200   13,500 7,621    16,000   212,471 ...     5,000   5,000
Rama               50,000    4,100    29,950    13,500   4,500    2,200 2,000     7,500    113,750 ...     ...     ...
Rice Lake          119,500   3,500    66,000    13,000   8,500    20,000 7,900    10,200   248,600 4,500   5,500   10,000
Sarnia             630,450   15,700   107,300   43,500   28,000   26,200 6,400    34,500   892,050 120     1,500   1,620
Saugeen            80,000    2,000    20,000    30,000   7,000    11,600 2,000    4,500    157,100 ...     500     500
Sault Ste. Marie   54,900    2,825    27,000    31,000   7,175    16,000 10,500   13,500   162,900 ...     ...     ...
Savanne            101,962   415      15,375    100      4,705    580    43,885   29,725   196,747 ...     ...     ...

<!-- page 69 -->
                                            Value of                                                    Progress During the Year 1926
                                                                 Value                     Total
                 Total    Value             Public    Value of           Value
                                  Value of                       of Live         Value of Value of                             Total
                 Value of of                Buildings Implements         of                             Value of New Value of
Agencies                          Private                        Stock           Household Real and                            Increase
                 Lands in Private           Property and                 General                        Land         Buildings
                                  Buildings                      and             Effects   Personal                            in
                 Reserves Fencing           of the    Vehicles           Effects                        Improvements Erected
                                                                 Poultry                   Property                            Value
                                            Band
...              $        $       $         $         $          $       $       $         $            $             $         $

ONTARIO -        ...      ...       ...       ...       ...       ...      ...      ...      ...        ...           ...       ...
Concluded
Scugog           60,000    2,000 2,000        500       400       500     300       950      66,650    ...            ...       ...
Six Nations      1,092,400 436,960 670,000    65,000    286,000   260,000 6,500     74,900   2,891,760 ...            ...       ...
Sturgeon Falls   242,290 2,350 56,200         19,000    5,300     17,600 23,000     44,000   409,740 ...              9,500     9,500
Thessalon        129,064 9,705 14,500         12,800    5,625     12,600 12,633     8,365    205,292 ...              3,000     3,000
Tyendinaga       645,300 134,825 105,000      44,800    42,800    80,000 2,645      55,800   1,111,170 ...            6,000     6,000
Total            4,989,147 701,529 1,705,110 482,325    566,346   655,773 257,065 485,505    9,842,800 11,215         47,500    58,715

PRINCE        20,000      1,750     10,000    10,000    1,100     2,100    3,100    3,000    51,050     ...           350       350
EDWARD ISLAND

                 ...      ...       ...       ...       ...       ...      ...      ...      ...        ...           ...       ...
QUEBEC
Bécancour        4,000     500      1,500     ...       350       800     200     750        8,100     ...            ...      ...
Bersimis         51,000    675      54,300    33,000    900       3,250 8,700 14,000         165,825 ...              ...      ...
Cacouna          6,000     ...      2,350     ...       250       ...     1,030 4,285        13,915    ...            ...      ...
Caughnawaga      750,000 8,300      500,000   75,000    60,000    60,000 30,000 120,000      1,603,300 100            8,000    8,100
Jeune Lorette    32,000    600      55,000    31,000    14,000    1,400 2,000 22,000         158,000 ...              1,000    1,000
Maniwaki         35,945    4,640    24,285    2,095     11,775    12,310 6,710 13,090        110,850 350              350      700
Maria            20,000    560      6,000     5,000     400       750     750     3,150      36,610    ...            ...      ...
Mingan           ...       ...      2,200     4,000     ...       ...     4,000 900          11,100    ...            ...      ...
Oka              30,000    3,000    20,000    3,000     4,000     9,000 ...       5,000      74,000    ...            ...      ...
Pierreville      35,000    1,000    63,000    2,500     1,000     2,200 1,700 16,200         122,600 250              1,000    1,250
Pointe Bleue     46,000    6,000    42,500    6,000     17,500    13,500 15,000 15,000       161,500 ...              2,500    2,500
Restigouche      173,000 12,100     56,000    ...       15,000    10,000 18,000 15,000       299,100 ...              ...      ...
Seven Islands    1,500     25       8,800     4,000     ...       ...     6,000 12,000       32,325    ...            ...      ...
St. Regis        184,600 2,100      111,000   15,000    13,000    38,000 11,000 38,100       412,800 300              5,000    5,300
Timiskaming      35,000    1,700    9,000     1,700     2,400     4,000 8,000 3,500          65,300    ...            ...      ...
Total            1,404,045 41,200   955,935   182,295   140,575   155,210 113,090 282,975    3,275,325 1,000          17,850   18,850

                 ...      ...       ...       ...       ...       ...      ...      ...      ...        ...           ...       ...
SASKATCHEWAN
Assiniboine      431,420 4,293      18,212    3,477     20,210    30,448   722      10,915   519,697 1,400            600       2,000
Battleford       3,234,773 35,300   75,500    4,700     77,800    76,500   20,050   23,000   3,547,623 3,180          2,100     5,280
Carlton          1,545,224 10,191   50,400    23,459    21,633    73,500   5,117    6,060    1,735,584 3,086          1,178     4,264
Crooked Lakes    924,183 10,000     56,500    200       48,900    51,720   13,050   9,300    1,113,853 900            11,700    12,600

<!-- page 70 -->
Duck Lake           1,769,725 21,000   40,570   18,000   34,400   94,440   7,740    27,365   2,013,240 2,664   1,050   3,714
File Hills Agency   525,000 1,500      9,000    2,000    6,700    15,500   1,100    3,200    564,000 450       200     650
File Hills Colony   400,000 600        50,000   12,000   21,000   29,000   700      9,000    522,300 250       100     350
Isle a la Crosse    105,822 450        14,681   300      290      ...      29,257   4,605    155,405 ...       ...     ...
Moose Mountain      250,800 2,000      10,380   3,000    8,000    9,955    1,500    1,700    287,335 ...       ...     ...
Moose Woods         62,495    6,990    4,050    2,500    6,000    19,290   2,600    10,250   114,175 168       ...     168
Onion Lake          2,191,740 15,700   49,900   5,900    33,800   84,400   12,650   16,400   2,410,490 1,480   2,100   3,580

<!-- page 71 -->
                                          Value of                                                           Progress During the Year 1926
                                                               Value of                        Total
              Total                       Public    Value of
                        Value of Value of                      Live          Value of Value of Value of                             Total
              Value of                    Buildings Implements                                               Value of New Value of
Agencies                Private  Private                       Stock         General Household Real and                             Increase
              Lands in                    Property and                                                       Land         Buildings
                        Fencing Buildings                      and           Effects  Effects  Personal                             in
              Reserves                    of the    Vehicles                                                 Improvements Erected
                                                               Poultry                         Property                             Value
                                          Band
...           $         $        $        $         $          $             $         $         $           $             $         $
Pelly         669,824   4,200    28,700   4,400     15,700     31,500        6,150     14,500    774,974     500           700       1,200
Qu'Appelle    960,085   14,025   44,525   31,000    48,850     62,735        5,845     16,000    1,183,065   5,515         2,630     8,145
Touchwood     1,179,468 18,400   36,400   ...       20,350     56,300        19,000    19,200    1,349,118   2,210         4,700     6,910
Wood
Mountain      15,840     20        1,000     100       1,500       4,000     300       800       23,560      ...           ...       ...
Reserve
Total         14,266,399 144,669   489,818   111,036   365,133     639,288   125,781   172,295   16,314,419 21,803         27,058    48,861

YUKON     ...            ...       ...       ...       ...         ...       ...       ...       ...         ...           ...       ...
TERRITORY
Yukon     2,200          ...       ...       ...       ...         ...       ...       ...       2,200       ...           ...       ...

RECAPITULATION

              ...        ...       ...       ...       ...         ...       ...       ...       ...         ...           ...       ...
PROVINCES
Alberta       18,514,425 144,436   666,739   137,555   511,166     766,374   142,947   132,459   21,016,101 21,756         13,760    35,516
British
              13,981,828 372,431   1,828,563 495,393   550,133     851,298   971,170   560,300   19,611,116 23,825         40,200    64,192
Columbia
Manitoba      2,981,114 30,925     412,035   105,310   116,785     260,500   168,375   97,670    4,172,714 3,482           27,710    31,192
New
              70,958     2,928     56,051    78,882    7,244       6,540     7,765     22,915    253,283     400           8,530     8,930
Brunswick
Northwest
              ...        ...       ...       ...       ...         ...       34,700    24,000    58,700      ...           ...       ...
Territories
Nova Scotia 98,275      5,192      78,835    46,000    7,400       12,520    9,093     17,785    275,100   1,140           3,930     5,070
Ontario       4,989,147 701,529    1,705,110 482,325   566,346     655,773   257,065   485,505   9,842,800 11,215          47,500    58,715
Prince Edward
              20,000    1,750      10,000    10,000    1,100       2,100     3,100     3,000     51,050      ...           350       350
Island
Quebec       1,404,045 41,200      955,935   182,295   140,575     155,210   113,090   282,975   3,275,325 1,000           17,850    18,850
Saskatchewan 14,266,399 144,669    489,818   111,036   365,133     639,288   125,781   172,295   16,314,419 21,803         27,058    48,861
Yukon
             2,200      ...        ...       ...       ...         ...       ...       ...       2,200       ...           ...       ...
Territory
Total         56,328,391 1,445,060 6,203,086 1,648,796 2,265,882   3,349,603 1,833,086 1,798,904 74,872,808 84,621         186,888   271,509

<!-- page 72 -->
TABLE NO. 6. - SOURCES AND VALUE OF INCOME

                         Value
                         of Beef                                                         Annuities
               Value of                                             Earned Earned by
                         sold              Received                                      paid and
               Farm                                 Received Earned by       other                   Total
                         also of Wages     from                                          Interest on
Agencies       Products,                            from     by     Hunting Industries               Income of
                         that    Earned    Land                                          Indian
               including                            Timber Fishing and       and                     Indians
                         used              Rentals                                       Trust
               Hay                                                  Trapping Occupations
                         for                                                             Funds
                         Food

               $         $        $        $ cts.     $ cts.     $       $         $        $ cts.      $ cts.
ALBERTA
Blackfoot      155,000   18,450   4,000    41,954 77 ...         ...     200       6,000    87,109 87   312,714 64
Blood          89,215    27,225   15,000   18,352 15 ...         ...     1,500     6,000    7,332 34    164,624 49
Edmonton       66,886    3,906    20,630   ...       334 08      2,110   12,947    5,630    25,164 39   137,607 47
Hobbema        71,440    5,480    8,952    757 50    ...         1,530   3,166     20,670   14,541 83   126,537 33
Lesser Slave
               33,906    1,500    22,270 ...          ...        11,865 70,685     1,930    17,318 67 159,474 67
Lake
Peigan      23,101       31,235 6,000 1,390 60 ...               ...     ...       ...      7,256 86 68,983 46
Saddle Lake 44,774       4,870 11,370 ...          ...           1,790 7,050       5,275    5,796 95 80,925 95
Sarcee      10,867       3,272 4,286 2,832 50 ...                ...     500       1,000    835 37     23,592 87
Stony       14,200       5,986 24,548 3,153 00 ...               ...     8,790     10,020   4,580 05 71,277 05
Total       509,389      101,924 117,056 68,440 52 334 08        17, 295 104,838   56,25    169,936 33 1,145,737 93

BRITISH     ...          ...      ...      ...        ...        ...     ...       ...      ...         ...
COLUMBIA
Babine      31,200       7,550    54,680 120 00       ...        16,450 69,900     31,950   425 02      212,275 02
Bella Coola 8,050        3,700    25,000 100 00       ...        102,000 26,000    10,000   180 85      175,030 85
Cowichan    48,425       2,800    137,400 2,505 10    6,823 19   27,150 1,750      3,100    3,887 53    233,840 82
Kamloops    73,500       ...      ...     3,192 00    517 02     ...     ...       ...      3,914 26    81,123 28
Kootenay    30,547       12,500   24,900 200 00       7,979 57   1,250 4,050       3,850    304 33      85,580 90
Kwawkewlth ...           ...      16,650 900 00       513 53     50,100 5,050      7,300    1,361 82    81,875 35
Lytton      42,260       12,385   92,700 892 00       367 36     950     4,600     10,100   1,377 32    165,631 68
New
            28,735       6,965    52,600 2,353 30 25,728 56 16,350 8,650           34,200   2,861 65    178,443 51
Westminster
Okanagan       77,000    20,550 40,000 450 00         1,837 47 550       7,500     5,250    952 03      154,089 50
Queen
               575       500      14,000 ...          ...        13,000 2,200      6,000    109 65      36,384 65
Charlotte
Skeena River 27,250      500      42,700   150 00     411 97     116,500 50,700    43,250   3,267 99    284,729 96
Stikine      3,365       ...      35,957   ...        ...        11,525 81,924     10,586   ...         143,357 00
Stuart Lake 26,165       6,950    25,610   ...        79 76      14,330 13,050     5,010    2,178 14    93,372 90
Vancouver    4,600       330      31,000   9,503 35   2,365 98   35,500 10,650     24,200   12,836 95   130,986 28
West Coast 769           690      5,525    170 00     ...        46,720 19,985     32,590   95 47       106,544 47
Williams

