=== TABLE HEADER (the column definitions of this table, printed once at the start of the statement; use to name the columns) ===

TABLE No. 5. - VALUE OF REAL AND PERSONAL PROPERTY AND PROGRESS DURING YEAR.

                                               Value of
                                                                    Value of                          Total
               Total       Value               Public    Value of              Value
                                    Value of                        Live               Value of       Value of
               Value of    of                  Buildings Implements            of                                 Progress During Year
Agencies.                           Private                         Stock              Household      Real and
               Lands in    Private             Property and                    General                            1918 - 1919.
                                    Buildings.                      and                Effects.       Personal
               Reserves.   Fencing.            of the    Vehicles.             Effects
                                                                    Poultry.                          Property.
                                               Band.
                                                                                                                Total
                                                                                        Value of New Value of
                                                                                                                Increase
...            ...         ...      ...       ...       ...        ...         ...      Land          Buildings
                                                                                                                in
                                                                                        Improvements. Erected.
                                                                                                                Value.
...            $           $        $         $         $          $           $        $             $         $        $        $

               ...         ...      ...       ...       ...        ...         ...      ...           ...         ...     ...     ...
ALBERTA.
Blackfoot      2,812,530   15,120   100,028   12,240    61,794     226,535     5,300    24,000        3,257,547   111,192 5,570   116,762
Blood          7,016,720   16,100   59,800    38,700    85,500     340,000     15,000   12,000        7,5

=== EXTRACT FROM HERE (pages 96-100) ===

TABLE No. 5. - VALUE OF REAL AND PERSONAL PROPERTY AND PROGRESS DURING YEAR.

                                               Value of
                                                                    Value of                          Total
               Total       Value               Public    Value of              Value
                                    Value of                        Live               Value of       Value of
               Value of    of                  Buildings Implements            of                                 Progress During Year
Agencies.                           Private                         Stock              Household      Real and
               Lands in    Private             Property and                    General                            1918 - 1919.
                                    Buildings.                      and                Effects.       Personal
               Reserves.   Fencing.            of the    Vehicles.             Effects
                                                                    Poultry.                          Property.
                                               Band.
                                                                                                                Total
                                                                                        Value of New Value of
                                                                                                                Increase
...            ...         ...      ...       ...       ...        ...         ...      Land          Buildings
                                                                                                                in
                                                                                        Improvements. Erected.
                                                                                                                Value.
...            $           $        $         $         $          $           $        $             $         $        $        $

               ...         ...      ...       ...       ...        ...         ...      ...           ...         ...     ...     ...
ALBERTA.
Blackfoot      2,812,530   15,120   100,028   12,240    61,794     226,535     5,300    24,000        3,257,547   111,192 5,570   116,762
Blood          7,016,720   16,100   59,800    38,700    85,500     340,000     15,000   12,000        7,583,820   7,000   2,000   9,000
Edmonton       1,178,633   11,010   53,935    11,100    20,275     65,500      5,390    7,215         1,353,058   2,875   665     3,540
Hobbema        947,760     24,160   21,125    ...       54,013     98,399      8,156    12,762        1,166,375   9,742   625     10,367
Lesser Slave
               1,293,630 1,204      34,600    ...       13,332     55,334      13,700 12,980          1,424,780 130       2,000 2,130
Lake
Peigan         977,210    3,805     28,480    22,200    39,754     202,780 11,786       8,760         1,294,775 10,140 5,000 15,140
Saddle Lake    862,846    3,115     28,125    940       21,570     70,375    4,040      7,230         998,241    10      ...    10
Sarcee         1,180,120 9,800      20,000    36,500    14,000     53,640    850        1,800         1,316,710 2,845    2,000 4,845
Stony          264,774    8,000     15,300    500       13,000     40,300    3,000      10,000        354,874    ...     ...    ...
Total          16,534,223 92,314    361,393   122,180   323,238    1,152,863 67,222     96,747        18,750,180 143,934 17,860 161,794

BRITISH     ...            ...      ...       ...       ...        ...         ...      ...           ...         ...     ...     ...
COLUMBIA.
Babine      65,262         17,950 123,100     15,435    14,150     33,100      44,200 31,500         344,697      8,100   7,100   15,200
Bella Coola 365,600        3,200   130,000    8,000     11,000     14,525      105,000 50,000        687,325      500     5,000   5,500
Cowichan    1,762,700      110,050 171,200    2,500     40,610     45,400      30,725 46,900         2,210,085    975     1,800   2,775
Kamloops    3,748,514      53,815 122,280     37,275    82,653     346,144     19,225 15,250         4,425,156    3,500   6,500   10,000
Kootenay    142,085        14,461 19,210      117,700   20,598     107,385     5,249 6,430           433,118      ...     150     150
Kwakkewlth 278,321         1,360   62,515     2,475     8,900      640         47,800 64,200         466,211      600     4,900   5,500
Lytton      967,478        12,875 61,425      22,920    30,694     72,945      6,075 19,875          1,194,287    5,800   4,200   10,000
Nass        991,822        17,700 255,145     96,390    1,500      4,450       75,000 33,100         1,475,107    ...     ...     ...
New
            1,606,145      12,851   131,000   53,700    13,000     56,415      47,290 63,200         1,983,601 ...        ...     ...
Westminster
Okanagan       2,425,000 44,500     83,550    14,000    34,350     229,000     6,150    12,650       2,849,200 ...        ...     ...
Queen
               95,000      1,200    32,000    1,500     26,000     2,200       16,000 14,000         187,900      ...     5,000 5,000
Charlotte
Stikine        2,100       60       25,175    ...       6,223      3,265       18,284 34,250         89,357       ...     ...   ...
Stuart Lake    245,790     10,060   77,805    24,600    8,410      37,580      22,770 12,920         439,935      1,010   2,650 3,660

<!-- page 97 -->
West Coast     114,000   3,635    107,500   ...       1,410     4,430     60,400 31,650     323,025   15        900     915
Williams
               544,425   19,875   49,050    8,900     34,985    112,930   8,950    6,950    786,065   ...       ...     ...
Lake
Total          13,354,242 323,592 1,450,955 405,395   334,483   1,070,409 513,118 442,875   17,895,069 20,500   38,200 58,700

               ...       ...      ...       ...       ...       ...       ...      ...      ...       ...       ...     ...
MANITOBA.
Birtle         406,600   1,545    18,350    1,345     18,525    40,526    3,570    3,380    493,841   3,114     1,740   4,854
Clandeboye     211,529   1,035    30,325    525       3,425     36,700    6,086    9,702    299,327   240       1,500   1,740
Fisher River   807,970   12,575   54,400    11,100    14,754    27,330    11.025   22,300   961,454   6,491     2,200   8,691
Griswold       200,500   1,045    16,320    7,200     25,800    27,800    2,250    3,900    284,815   790       225     1,015
Manitowapah    207,179   2,247    28,775    14,950    13,710    84,590    14,850   12,050   441,351   855       300     1,155
Norway
               81,000    550      42,800    ...       800       1,725     37,500 14,500     178,875   ...       700     700
House
Pas            266,050   4,180    35,300    4,600     5,885     26,310    37,000 18,350     397,675   ...       ...     ...
Portage la
               354,040   3,305    8,775     9,650     18,776    26,760    1,450    4,405    427,161   10,420    800     11,220
Prairie
Total          2,597,868 26,482   235,045   49,370    101,675   271,741   113,731 88,587    3,484,499 21,910    7,465 29,375

<!-- page 98 -->
                                             Value of
                                                                  Value                          Total
               Total     Value               Public    Value of            Value
                                  Value of                        of Live          Value of      Value of
               Value of of                   Buildings Implements          of                              Progress During Year
Agencies.                         Private                         Stock            Household     Real and
               Lands in Private              Property and                  General                         1918 - 1919.
                                  Buildings.                      and              Effects.      Personal
               Reserves. Fencing.            of the    Vehicles.           Effects
                                                                  Poultry.                       Property.
                                             Band.
                                                                                   Value of New Value of
                                                                                                           Total Increase in
...            ...       ...      ...        ...       ...        ...      ...     Land          Buildings
                                                                                                           Value.
                                                                                   Improvements. Erected.
...            $        $        $          $         $          $       $        $             $         $       $      $

NEW        ...          ...      ...        ...       ...        ...     ...      ...           ...       ...     ...    ...
BRUNSWICK.
Northern
           19,060       150      12,500     14,000    1,200      2,200   475      3,350         52,935    100     400    500
Division
Northeastern   46,340   2,260    26,500     32,600    4,700      5,100   6,500    16,000        140,000   225    300     525
Southwestern   6,900    165      9,125      16,000    400        675     1,242    1,625         36,132    ...    ...     ...
Total          72,300   2,575    48,125     62,600    6,300      7,975   8,217    20,975        229,067   325    700     1,025

NOVA           ...      ...      ...        ...       ...        ...     ...      ...           ...       ...    ...     ...
SCOTIA.
Annapolis      1,000    40       1,200      ...      75          ...     25       135           2,475     ...    ...     ...
Antigonish and
               10,000   1,025    2,000      2,500    75          200     250      150           16,200    ...    ...     ...
Guysboro
Cape Breton
               14,000   605      9,000      7,000    2,600       2,000   1,600    1,300         38,105    200    100     300
(Eskasoni)
Cape Breton
               8,500    ...      5,000      ...      ...         ...     1,250    1,250         16,000    ...    ...     ...
(Sydney)
Colchester     1,800    50       2,500      900      250         300     180      350           6,330     ...    600     600
Cumberland     1,250    ...      1,000      ...      100         200     100      100           2,750     ...    ...     ...
Digby          1,675    65       2,000      1,600    60          85      275      675           6,435     35     ...     35
Halifax        1,650    690      4,270      ...      350         1,675   1,090    1,770         11,495    ...    ...     ...
Hants          10,510   500      5,000      2,500    1,900       2,000   700      2,500         25,610    50     200     250
Hants
               ...      ...      250        ...      ...         ...     500      250           1,000     ...    ...     ...
(Windsor)
Inverness      9,725    1,000    9,100      4,200    450         2,950   550      860           28,935    50     100     150
Kings          4,000    100      2,800      ...      300         645     305      300           8,450     10     20      30
Lunenburg      4,000    320      8,250      1,000    1,035       2,375   625      1,800         19,405    200    725     925
Pictou         1,000    150      4,650      4,000    250         300     2,000    1,550         13,900    ...    ...     ...
Queens         1,000    700      200        ...      200         250     ...      400           2,750     ...    ...     ...
Richmond       7,000    350      3,500      12,000   800         2,000   1,500    750           27,900    100    300     400
Shelburne      ...      ...      1,000      ...      40          100     600      500           2,240     ...    ...     ...
Victoria       6,500    325      2,000      3,200    350         1,450   400      600           14,825    50     25      75
Yarmouth       150      ...      125        ...      ...         ...     ...      ...           275       ...    ...     ...

<!-- page 99 -->
Total           83,760    6,020      63,845   38,900   8,835     16,530 11,950 15,240      245,080   695   2,070 2,765

                ...       ...        ...      ...      ...       ...      ...     ...      ...       ...   ...    ...
ONTARIO.
Alnwick         60,000    4,900      19,500   3,600    2,830     3,250    1,210   7,550    102,840   ...   ...    ...
Cape Croker     115,000   3,000      40,000   30,000   4,000     18,000   4,600   15,680   230,280   ...   ...    ...
Caradoc         141,905   17,445     89,860   ...      22,800    28,975   700     32,100   333,785   300   650    950
Chapleau        18,400    300        10,500   600      ...       100      4,000   ...      33,900    ...   500    500
Christian
                29,400    850        7,500    2,000    2,100     4,600    2,800   2,700    51,950    150   200    350
Islands
Fort Frances    249,949 1,000     22,200    8,600      8,960     7,000 6,480 8,400         312,589 10,000 2,000 12,000
Fort William    175,000 700       30,000    3,000      1,500     9,000 7,000 8,000         234,200 ...      ...    ...
Georgina Island 32,150    1,050   6,500     1,300      1,530     4,990 1,110 1,700         50,330    ...    ...    ...
Golden Lake     3,000     700     4,000     3,100      1,200     2,100 2,000 3,000         19,100    ...    ...    ...
Gore Bay        80,000    15,020 28,000     22,700     9,500     22,500 4,970 15,600       198,290 660      925    1,585
Kenora          122,937 530       15,480    210        4,392     5,044 18,778 17,725       185,096 45       510    555
Manitowaning 242,000 17,820 62,750          26,600     4 2,425   86,850 18,100 36,800      533,345 1,120 3,125 4,245
Moravian        95,300    5,850   30,600    5,000      8,500     20,000 1,100 1,100        167,450 ...      100    100
New Credit      210,000 9,000     44,000    10,100     10,000    24,510 600      12,000    320,210 100      1,050 1,150
Parry Sound     122,000 950       20,900    17,300     3,980     13,500 7,621 16,000       202,251 ...      ...    ...
Rama            40,000    3,000   15,300    13,200     1,500     3,400 1,500 7,250         85,150    ...    400    400
Rice Lake       110,000 2,900     45,000    9,000      5,200     21,650 5,000 11,000       209,750 ...      ...    ...
Sarnia          628,267 14,223 77,135       21,250     23,349    46,400 5,007 15,550       831,181 ...      850    850
Saugeen         65,000    1,600   13,000    22,000     3,500     14,000 1,500 5,000        125,600 1,000 1,000 2,000
Sault Ste Marie 50,400    2,600   27,000    25,500     6,500     13,250 8,500 12,650       146,400 ...      800    800
Savanne         101,570 216       7,750     75         2,488     970     19,659 14,982     147,710 25       505    530
Scugog          68,000    1,790   2,000     500        655       1,470 350       1,000     75,765    ...    ...    ...
Six Nations     1,092,400 436,960 668,900 55,000       291,780   300,900 4,000 75,000      2,924,940 4,000 1,200 5,200
Sturgeon Falls 242,190 2,350      33,000    9,500      4,200     14,200 13,900 31,000      350,340 600      2,500 3,100
Thessalon       134,658 14,000 15,275       10,500     1,130     10,050 20,400 8,450       214,463 4,222 1,200 5,422
Tyendinaga      645,300 134,825 95,255      39,300     42,754    84,337 2,645 55,800       1,100,216 ...    2,600 2,600
Total           4,874,826 863,579 1,431,405 339,935    506,773   761,046 163,530 416,037   9,187,131 22,222 20,115 42,337

[*Amalgamated with Sarnia Agency.]

<!-- page 100 -->
                                                    Value of
                                                                         Value of                         Total
                    Total       Value               Public    Value of              Value
                                         Value of                        Live               Value of      Value of
                    Value of    of                  Buildings Implements            of                                Progress During Year
Agencies.                                Private                         Stock              Household     Real and
                    Lands in    Private             Property and                    General                           1918 - 1919.
                                         Buildings.                      and                Effects.      Personal
                    Reserves.   Fencing.            of the    Vehicles.             Effects
                                                                         Poultry.                         Property.
                                                    Band.
                                                                                            Value of New Value of
                                                                                                                    Total Increase in
...                 ...         ...      ...       ...       ...        ...         ...     Land          Buildings
                                                                                                                    Value.
                                                                                            Improvements. Erected.
...                 $           $        $         $         $          $           $       $             $           $       $       $
PRINCE EDWARD
                    20,150      1,720    7,250     10,000    1,000      1,750       2,000   3,500         47,640      50      250     300
ISLAND

                    ...         ...      ...       ...       ...        ...         ...     ...           ...         ...     ...     ...
QUEBEC.
Becancour           4,000       150      3,200     ...       290        1,125       10      65            8,840       50      ...    50
Bersimis            36,000      445      17,500    2,000     195        1,300       5,000 6,500           68,940      ...     ...    ...
Cacouna             1,000       ...      3,650     ...       150        200         ...     1,155         6,155       ...     ...    ...
Caughnawaga         750,000     9,000    410,000   60,000    40,000     125,000     2,000 65,000          1,461,000   700     15,000 15,700
Jeune Lorette       22,000      350      36,000    25,000    1,700      1,200       1,000 10,000          97,250      ...     400    400
Maniwaki            31,190      4,015    13,415    2,093     6,566      11,151      5,310 8,200           81,940      385     395    780
Maria               22,600      540      2,000     3,500     800        900         300     2,000         32,640      25      ...    25
Mingan              ...         ...      4,200     300       ...        ...         7,525 5,000           17,025      ...     ...    ...
Oka                 ...         3,800    40,000    3,000     9,700      16,000      ...     4,800         77,300      ...     ...    ...
Pierreville         30,000      1,100    55,000    2,000     600        3,500       800     17,000        110,000     250     ...    250
Pointe Bleue        34,200      5,000    26,200    6,000     5,500      9,500       25,000 10,000         121,400     2,200   1,200 3,400
Ristigouche         173,000     12,400   50,800    ...       15,000     9,000       18,000 15,200         293,400     ...     800    800
Seven Islands       500         ...      3,000     1,200     ...        ...         58,700 12,000         75,400      ...     ...    ...
St. Regis           228,425     1,350    77,000    15,000    10,100     29,000      1,700 17,000          379,575     ...     200    200
Timiskaming         23,000      600      7,000     1,000     1,400      6,200       800     1,500         41,500      200     ...    200
Total               1,355,915   38,750   748,965   121,093   92,001     214,076     126,145 175,420       2,872,365   2,810   17,995 21,805

                    ...         ...      ...       ...       ...        ...         ...     ...           ...         ...     ...     ...
SASKATCHEWAN.
Assiniboine         422,159     3,506    19,233    3,805     14,408     48,140      2,429   6,060         519,740     7,600   1,200   8,800
Battleford          1,504,783   9,775    25,800    200       42,325     122,347     9,850   14,800        1,729,880   3,215   ...     3,215
Carlton             1,759,385   12,955   65,455    32,000    29,110     137,114     9,541   17,814        2,063,374   1,723   ...     1,723
Crooked Lake        1,138,095   45,000   50,620    3,740     43,060     97,445      2,911   11,000        1,391,871   3,774   5,425   9,199
Duck Lake           1,832,310   21,161   38,900    16,300    37,204     142,331     4,442   12,519        2,105,167   1,200   300     1,500
File Hills Agency   408,984     6,875    11,050    300       11,350     25,700      1,170   5,420         470,849     990     ...     990
File Hills Colony   277,845     425      53,000    ...       18,500     24,230      450     6,750         381,200     750     3,000   3,750
Moose Mountain      240,704     1,200    9,500     2,500     9,300      34,340      2,100   4,800         304,444     1,040   400     1,440
Moose Woods         62,500      972      4,200     700       5,035      28,251      500     4,700         106,858     200     200     400
Onion Lake          1,825,400   19,100   43,600    4,000     19,800     98,220      8,400   10,900        2,029,420   2,505   300     2,805

