=== TABLE HEADER (the column definitions of this table, printed once at the start of the statement; use to name the columns) ===

TABLE No. 6. - SOURCES AND VALUE OF INCOME.

                                                                                       Annuities
                Value of    Value of           Received          Earned Earned by
                                                                                       paid, and
                Farm        Beef sold,         from Land Earned by         other                   Total
                                       Wages                                           Interest on
Agencies.       Products,   also of            Rentals   by      Hunting Industries                Income of
                                       Earned.                                         Indian
                including   that used          and from Fishing. and       and                     Indians.
                                                                                       Trust
                Hay.        for food.          Timber.           Trapping. Occupations
                                                                                       Funds.
...             $           $          $       $         $       $         $           $ cts.      $ cts.

                ...         ...       ...      ...       ...      ...      ...         ...        ...
ALBERTA.
Blackfoot       55,816      10,548    17,000   4,158     110      2,000    30,000      25,922,05 145,554 05
Blood           110,000     59,929    50,000   25,218    ...      500      2,500       6,185 35 254,332 35
Edmonton        75,770      19,511    19,599   ...       1,800    10,292   11,685      22,291 53 160,948 53
Hobbema         61,750      4,186     11,912   ...       2,000    2,897    26,998      6,638 99 116,381 99
Lesser Slave
                25,299      ...       ...      ...       ...      ...      ...         13,520 00 38,819 00
Lake
Peigan          8,081       14,264    13,521 3,587       ...      ...      ...         5,759 37 45,212 37
Saddle Lake     30,620      3,525     6,250 ...          1,175    5,300    5,100       4,495 23 56,465 23
Sarcee          20,439      4,723     2,000 7,262        ...      300      4,000       1,086 26 39,810 26
Stony           9,898       1,610     18,398 2,700       ...      11,452   10,225      4,105 49 58,388 49
Total           397,673     118,296   138,680 42,925     5,085    32,741   90,508      90,004 27 915,912 27

BRITISH         ...         ...       ...      ...       ...      ...      ...     

=== EXTRACT FROM HERE (pages 103-107) ===

TABLE No. 6. - SOURCES AND VALUE OF INCOME.

                                                                                       Annuities
                Value of    Value of           Received          Earned Earned by
                                                                                       paid, and
                Farm        Beef sold,         from Land Earned by         other                   Total
                                       Wages                                           Interest on
Agencies.       Products,   also of            Rentals   by      Hunting Industries                Income of
                                       Earned.                                         Indian
                including   that used          and from Fishing. and       and                     Indians.
                                                                                       Trust
                Hay.        for food.          Timber.           Trapping. Occupations
                                                                                       Funds.
...             $           $          $       $         $       $         $           $ cts.      $ cts.

                ...         ...       ...      ...       ...      ...      ...         ...        ...
ALBERTA.
Blackfoot       55,816      10,548    17,000   4,158     110      2,000    30,000      25,922,05 145,554 05
Blood           110,000     59,929    50,000   25,218    ...      500      2,500       6,185 35 254,332 35
Edmonton        75,770      19,511    19,599   ...       1,800    10,292   11,685      22,291 53 160,948 53
Hobbema         61,750      4,186     11,912   ...       2,000    2,897    26,998      6,638 99 116,381 99
Lesser Slave
                25,299      ...       ...      ...       ...      ...      ...         13,520 00 38,819 00
Lake
Peigan          8,081       14,264    13,521 3,587       ...      ...      ...         5,759 37 45,212 37
Saddle Lake     30,620      3,525     6,250 ...          1,175    5,300    5,100       4,495 23 56,465 23
Sarcee          20,439      4,723     2,000 7,262        ...      300      4,000       1,086 26 39,810 26
Stony           9,898       1,610     18,398 2,700       ...      11,452   10,225      4,105 49 58,388 49
Total           397,673     118,296   138,680 42,925     5,085    32,741   90,508      90,004 27 915,912 27

BRITISH         ...         ...       ...      ...       ...      ...      ...         ...        ...
COLUMBIA.
Babine and
                65,400      1,400     50,000 ...         10,500 20,200     34,400      224,95     182,124 95
Upper Skeena
Bella Coola     6,050       500       8,100    ...       158,000 41,000    52,500      16 59      266,166 59
Cowichan        36,450      2,580     63,700   ...       49,100 975        5,850       3,394 22   162,049 22
Kamloops        288,102     ...       ...      250       ...     ...       ...         1,018 27   289,370 27
Kootenay        44,536      12,050    28,200   ...       1,060 1,850       2,375       39 81      90,110 81
Kwawkewlth      800         300       20,150   494       144,500 1,450     27,050      68 35      194,812 35
Lytton          34,151      12,820    50,470   ...       ...     3,061     4,070       863 95     105,435 95
Nass            32,000      350       62,640   ...       84,420 23,490     25,520      3,360 10   231,780 10
New
                20,800      3,300     68,800 2,500       59,900 27,800     57,250      6,928 72   247,278 72
Westminster
Okanagan        50,000      25,000    4,500    4,950     600      825      2,350       410 71     88,635 71
Queen
                3,200       5,500     12,000 ...         24,000 ...        10,000      31 56      54,731 56
Charlotte
Stikine         545         ...       20,162   ...       8,400    93,810   11,410      ...        134,327 00
Stuart Lake     27,093      4,985     10,230   ...       14,150   33,600   4,575       2,218 00   96,851 00
West Coast      178         75        ...      115       96,500   975      6,315       21 70      104,179 70
Williams Lake   29,000      3,500     9,500    ...       ...      29,000   2,700       33 36      73,733 36

<!-- page 104 -->
Total          638,305   72,360   408,452 8,309    651,130 278,036   246,365   18,630 29 2,321,587 29

               ...       ...      ...      ...     ...      ...      ...       ...        ...
MANITOBA.
Birtle         55,835    3,285    7,350    ...     810      3,790    4,075     4,043 21 79,188 21
Clandeboye     17,291    3,375    14,330   446     1,725    5,000    ...       7,119 25 49,286 25
Fisher River   18,350    3,600    20,500   ...     14,500   9,500    12,800    13,648 23 92,898 23
Griswold       34,554    660      3,500    ...     300      2,900    1,350     3 60      43,267 60
Manitowapah    41,495    5,750    18,500   1,940   20,300   5,600    4,750     9,295 44 107,630 44
Norway House 3,350       ...      22,000 ...       28,600 68,000     19,500    13,105 00 154,555 00
Pas          13,220      4,100    16,500 ...       11,500 40,500     2,000     13,804 02 101,624 02
Portage la
             84,702      300      6,500    270     ...      1,550    2,350     7,218 33   102,890 33
Prairie
Total          268,797   21,070   109,180 2,656    77,735 136,840    46,825    68,237 08 731,340 08

NEW        ...           ...      ...      ...     ...      ...      ...       ...        ...
BRUNSWICK.
Northern
           2,700         ...      14,800 100       70       85       ...       1,696 84   19,451 84
Division
Northeastern   4,598     200      8,000 2,500      6,500    500      2,400     482, 84    25,180 84
Southwestern   955       ...      13,300 ...       500      750      2,025     35 71      17,565 71
Total          8,253     200      36,100 2,600     7,070    1,335    4,425     2,215 39   62,198 39

<!-- page 105 -->
                                                                                      Annuities
               Value of    Value of           Received          Earned Earned by
                                                                                      paid, and
               Farm        Beef sold,         from Land Earned by         other                     Total
                                      Wages                                           Interest on
Agencies.      Products,   also of            Rentals   by      Hunting Industries                  Income of
                                      Earned.                                         Indian
               including   that used          and from Fishing. and       and                       Indians.
                                                                                      Trust
               Hay.        for food.          Timber.           Trapping. Occupations
                                                                                      Funds.
...            $           $          $       $         $       $         $           $ cts.        $ cts.

NOVA         ...           ...       ...      ...       ...      ...       ...         ...          ...
SCOTIA.
Annapolis    100           ...       550      ...       ...      50        100         ...          800 00
Antigonish
             600           100       4,500    ...       300      600       3,500       33 47        9,633 47
and Guysboro
Cape Breton
               3,800       400       1,400    ...       200      280       1,500       ...          7,580 00
(Eskasoni)
Cape Breton
               ...         ...       15,000 ...         ...      ...       ...         14 59        15,014 59
(Sydney)
Colchester     350         ...       4,500    ...       ...      350       1,500       ...          6,700 00
Cumberland     100         ...       1,000    ...       50       250       700         78 85        2,178 85
Digby          250         ...       160      ...       60       350       800         ...          1,620 00
Halifax        2,130       1,615     12,900   ...       100      ...       11,000      ...          27,745 00
Hants          1,300       700       900      ...       100      1,000     2,025       17 08        6,042 08
Hants
               ...         ...       300      ...       ...      ...       200         ...          500 00
(Windsor)
Inverness      2,410       166       7,000    ...       3,100    1,000     900         ...          14,576 00
Kings          600         80        5,000    ...       500      500       4,000       ...          10,680 00
Lunenburg      3,225       875       4,300    70        475      400      1,850        15           11,195 15
Pictou         545         ...       10,000   ...       500      ...      500          ...          11,545 00
Queens         800         150       700      ...       150      200      300          137 32       2,437 32
Richmond       2,500       450       4,000    ...       1,450    38       1,200        ...          9,638 00
Shelburne      100         ...       500      ...       250      300      200          ...          1,350 00
Victoria       3,200       550       5,000    200       500      375      3,400        10 00        13,235 00
Yarmouth       ...         ...       100      ...       ...      ...      ...          ...          100 00
Total          22,010      5,086     77,810   270       7,735    5,693    33,675       291 46       152,570 46

               ...         ...       ...      ...       ...      ...      ...          ...          ...
ONTARIO.
Alnwick        3,580       80        7,500    2,605     70       2,405    27           8,004 00     24,271 00
Cape Croker    5,000       1,000     20,000   16,000    2,100    150      ...          22,435 02    66,685 02
Caradoc        29,825      2,075     74,020   8,075     98       410      1,045        3,774 97     139,322 97
Chapleau       500         ...       1,800    ...       500      25,000   ...          12,932 00    40,732 00
Christian
               2,930       400       2,500    ...       250      450      600          6,463 95     13,593 95
Island
Fort Frances   5,595       190       39,800 300         40,300 31,400     4,500        10,925 16    133,010 16

<!-- page 106 -->
Fort William   1,400     200         34,000 600       20,000 30,000     3,000     12,527 10   101,727 10
Georgina
               4,190     800         3,500    382     ...      55       1,500     1,689 06    12,116 06
Island
Golden Lake 900          1,000       4,000    95      ...      1,000    1,000     10 47       8,005 47
Gore Bay     24,500      ...         26,600   500     350      500      2,650     11,984 79   67,084 79
Kenora       8,531       400         37,884   60      31,028   40,705   16,790    11,465 93   146,863 93
Manitowaning 88,615      14,130      93,780   4,450   9,050    7,280    29,585    20,345 57   267 235 57
Moravian       12,250    1,200       32,000   425     200      200      200       7,205 59    53,680 59
New Credit     35,755    2,500       25,600   4,279   100      300      3,000     5,947 53    77,481 53
Parry Sound    7,450     1,375       36,000   1,000   ...      1,125    ...       9,534 23    56,484 23
Rama           6,690     400         15,000   300     2,200    2,200    3,000     3,370 67    33,160 67
Rice Lake      18,000    5,200       13,700   750     900      6,000    3,775     3,066 19    51,391 19
Sarnia         39,682    4,500       47,050   3,700   ...      ...      5,100     10,659 73   110,691 73
Saugeen        8,000     700         18,500   4,000   650      1,500    2,000     17,598 45   52,948 45
Sault Ste
               14,570    1,930       19,500 ...       10,700 7,000      9,500     14,192 19   77,392 19
Marie
Savanne        3,820     40          35,024 ...       34,427   65,383   9,190     7,136 13    155,020 13
Scugog         1,767     575         800     80       40       600      1,100     765 16      5,727 16
Six Nations    500,980   ...         210,890 5,000    ...      ...      ...       48,166 86   765,036 86
Sturgeon Falls 6,600     950         23,000 ...       4,000    44,000   7,000     56,456 61   142,006 61
Thessalon      11,991    900         33,000 800       2,525    3,900    1,175     6,635 93    60,926 93
Tyendinaga     11,991    900         33,000 800       2,525    3,900    1,175     6,635 93    60,926 93
Walpole
               ...       ...         ...      ...     ...      ...      ...       2,827 02    2,827 02
Island*
Total          960,091   45,545      904,148 62,214   161,488 271,988   106,487   322,545 62 2,834,506 62
PRINCE
EDWARD         2,150     150         550      ...     950      55       6,500     ...         10,355 00
ISLAND

[*Amalgamated with Sarnia Agency.]

<!-- page 107 -->
                              Value
                              of Beef         Received                                Annuities
                    Value of                                    Earned Earned by
                              sold,           from                                    paid, and
                    Farm                               Earned by          other                 Total
                              also of Wages Land                                      Interest
Agencies.           Products,                          by       Hunting Industries              Income of
                              that    Earned. Rentals                                 on Indian
                    including                          Fishing. and       and                   Indians.
                              used            and from                                Trust
                    Hay.                                        Trapping. Occupations
                              for             Timber.                                 Funds.
                              food.
...                 $         $       $       $        $        $         $           $         $

                    ...       ...      ...      ...      ...      ...       ...      ...        ...
QUEBEC.
Becancour           1,485     100      300     ...       ...      ...       50       387,63     2,322 63
Bersimis            675       125      1,200 2,019       775      39,000    2,000    304,47     46,098 00
Cacouna             ...       ...      2,400 375         20       350       1,500    458 90     5,103 90
Caughnawaga         105,200   15,000   200,000 6,666     400      300       12,000   1,739 24   341,305 24
Jeune Lorette       ...       ...      25,000 ...        ...      1,000     18,000   831 30     44,831 30
Maniwaki            6,847     1.023    32,258 8,722      302      12,332    1,079    2,658 72 65,221 72
Maria               876       160      4,500 150         275      350       1,600    ...       7,911 00
Minigan             ...       ...      ...     ...       2,400    8,000     ...      ...       10,400 00
Oka                 7,100     1,800    18,800 ...        100      100       400      549 80    28,849 80
Pierreville         2,000     1,800    340     ...       75       300       1,500    342 87    6,357 87
Pointe Bleue        16,000    2,000    10,500 ...        1,200    3,500     2,500    440 32    6,740 32
Ristigouche         15,740    800      32,000 3,400      250      750       8,500    298 68    61,738 68
Seven Islands       ...       ...      ...     ...       330      12,000    ...      ...       12,330 00
St. Regis           59,500    14,000   82,550 339        3,450    2,210     14,000   3,061 21 179 110 21
Timiskaming         3,625     100      12,000 ...        75       3,000     ...      1,877 14 20,677 14
Total               219,048   36,908   421,848 21,671    9,652    114,692   63,129   12,950 28 899,898 28

                    ...       ...      ...      ...      ...      ...       ...      ...        ...
SASKATCHEWAN.
Assiniboine         39,967    9,660    1,675    ...      ...      800       7,425    1,925 46 61,452 46
Battleford          61,582    11,602   14,275   7,580    3,450    15,150    3,400    9,078 09 126,117 09
Carlton             40,658    15,342   18,036   ...      3,218    27,978    14,285   7,938 31 127,455 31
Crooked Lake        89,387    12,072   4,800    13,594   1,250    2,100     ...      14,631 18 137,834 18
Duck Lake           52,840    ...      1,800    ...      ...      18,500    2,500    7,444 50 104,004 50
File Hills Agency   17,870    ...      1,800    ...      ...      1,350     2,300    1,695 84 25,015 84
File Hills Colony   45,300    ...      9,000    ...      ...      250       1,000    ...       55,550 00
Moose Mountain      28,313    3,000    600      1,200    300      2,000     4,200    367 00    57,980 00
Moose Woods         7,500     8,883    1,800    ...      ...      600       1,000    3,675 91 23,458 91
Onion Lake          27,742    17,450   9,650    ...      9,000    19,000    5,500    5,500     88,342 00
Pelly               50,700    3,200    21,500   2,430    ...      9,200     3,450    5,856 02 96,336 02
Qu'Appelle          103,494   12,476   10,775   ...      2,550    2,300     12,010   9,129 45 152,734 46
Touchwood           58,654    17,669   25,310   ...      10,000   51,762    21,063   12,334 46 196,792 46

