=== TABLE HEADER (the column definitions of this table, printed once at the start of the statement; use to name the columns) ===

TABLE NO. 5: VALUE OF REAL AND PERSONAL PROPERTY AND PROGRESS DURING YEAR

                                         Value of                                                     Progress During Year 1922
                                                              Value                     Total
              Total     Value            Public    Value of           Value
                               Value of                       of Live         Value of Value of                              Total
              Value of of                Buildings Implements         of                              Value of New Value of
Agencies                       Private                        Stock           Household Real and                             Increase
              Lands in Private           Property and                 General                         Land         Buildings
                               Buildings                      and             Effects   Personal                             in
              Reserves Fencing           of the    Vehicles           Effects                         Improvements Erected
                                                              Poultry                   Property                             Value
                                         Band
ALBERTA       $         $      $         $         $          $       $       $         $             $            $         $
Blackfoot     2,300,000 20,000 283,000 13,000      110,472    90,630 7,860 25,000       2,849,962     6,250        104,500   110,750
Blood         7,081,720 20,000 55,000    37,000    95,000     180,000 20,000 17,000     7,505,720     2,000        5,000     7,000
Edmonton      1,183,483 14,930 59,525    11,175    29,850     28,950 5,900 8,950        1,342,763     1,655        700       2,355
Hobbema       917,040   26,668 26,950    ...       60,429     33,595 10,030 7,710       1,082,422     106          900       1,006
Lesser Slave
             2,393,302 11,274 50,600        ...       16,731    56,425 34,654 24,500      2,587,486 2,890          2,550     5,440
Lake
Peigan      977,535    4,687 35,537         22,970    43,315    82,215 14,469 10,595      1,191,323 ...            1,200     1,200
Saddle Lake 891,907    2,900 25,245         ...       19,775    35,195 4,530 7,035        986,587    124           ...       124
Sarcee      1,180,120 11,000 20,000         36,500    14,000    31,325 800      1,500     1,295,245 2,500          500    

=== EXTRACT FROM HERE (pages 53-57) ===

TABLE NO. 5: VALUE OF REAL AND PERSONAL PROPERTY AND PROGRESS DURING YEAR

                                         Value of                                                     Progress During Year 1922
                                                              Value                     Total
              Total     Value            Public    Value of           Value
                               Value of                       of Live         Value of Value of                              Total
              Value of of                Buildings Implements         of                              Value of New Value of
Agencies                       Private                        Stock           Household Real and                             Increase
              Lands in Private           Property and                 General                         Land         Buildings
                               Buildings                      and             Effects   Personal                             in
              Reserves Fencing           of the    Vehicles           Effects                         Improvements Erected
                                                              Poultry                   Property                             Value
                                         Band
ALBERTA       $         $      $         $         $          $       $       $         $             $            $         $
Blackfoot     2,300,000 20,000 283,000 13,000      110,472    90,630 7,860 25,000       2,849,962     6,250        104,500   110,750
Blood         7,081,720 20,000 55,000    37,000    95,000     180,000 20,000 17,000     7,505,720     2,000        5,000     7,000
Edmonton      1,183,483 14,930 59,525    11,175    29,850     28,950 5,900 8,950        1,342,763     1,655        700       2,355
Hobbema       917,040   26,668 26,950    ...       60,429     33,595 10,030 7,710       1,082,422     106          900       1,006
Lesser Slave
             2,393,302 11,274 50,600        ...       16,731    56,425 34,654 24,500      2,587,486 2,890          2,550     5,440
Lake
Peigan      977,535    4,687 35,537         22,970    43,315    82,215 14,469 10,595      1,191,323 ...            1,200     1,200
Saddle Lake 891,907    2,900 25,245         ...       19,775    35,195 4,530 7,035        986,587    124           ...       124
Sarcee      1,180,120 11,000 20,000         36,500    14,000    31,325 800      1,500     1,295,245 2,500          500       3,000
Stony       264,774    8,000 15,300         500       10,000    30,125 8,000 10,000       346,699    ...           ...       ...
Total       17,189,881 119,459 571,157      121,145   399,572   568,460 106,243 112,290   19,188,207 15,525        115,350   130,875
BRITISH
            ...        ...     ...          ...       ...       ...      ...     ...      ...         ...          ...       ...
COLUMBIA
Babine        83,866     8,580    141,300   9,750     20,000    59,500 61,100 33,800      417,896     6,480        10,000    16,480
Bella Coola   352,600    2,650    110,000   11,000    14,100    17,400 113,000 46,000     666,750     2,000        5,400     7,400
Cowichan    1,762,700 116,300 175,200       7,500     58,850    49,350 50,250    60,200   2,280,350   2,400        2,750     5,150
Kamloops    *3,475,293 52,641 116,130       43,108    102,689   380,557 15,473   17,456   4,203,347   ...          ...       ...
Kootenay    471,980    11,860 19,560        117,700   21,810    62,580 7,650     6,780    719,920     310,053      ...       310,053
Kwawkewlth 271,134     1,530 126,215        1,200     39,000    595     53,800   69,500   562,974     ...          25,000    25,000
Lytton      967,508    19,270 73,380        23,430    30,324    75,145 10,785    20,375   1,220,217   7,050        4,380     11,430
New
            771,583    16,095 69,000        19,500    18,385    33,945 25,840 26,075      980,423     ...          ...       ...
Westminster
Okanagan      1,919,260 25,800 168,500      33,750    39,000    170,500 6,950    17,350   2,381,110 10,950         13,300    24,250
Queen
              70,000     1,000    45,000    1,600     27,000    5,000    34,000 20,000    203,600     1,700        3,500     5,200
Charlotte
Skeena River 1,066,321   14,850   298,560   98,090    3,700     5,970    166,000 48,500   1,701,991   ...          ...       ...
Stikine      2,075       40       20,238    ...       5,272     2,278    15,875 28,855    74,633      ...          ...       ...
Stuart Lake 256,390      12,390   85,500    24,400    11,810    36,145   20,720 23,820    471,175     2,365        4,000     6,365
Vancouver 1,087,545      2,360    66,150    40,800    2,250     7,000    24,235 25,000    1,255,340   ...          ...       ...
West Coast 114,000       3,635    107,500   ...       1,410     4,430    60,400 31,650    323,025     40           900       940
Williams
             829,910     162,645 42,250     7,000     28,750    82,750 8,800     12,700   1,174,730 113,584        ...       113,584
Lake
Total    13,502,165 451,646 1,664,483 438,828         424,350   424,350 674,878 488,061   18,637,481 456,622       69,230    525,852
MANITOBA ...        ...     ...       ...             ...       ...     ...     ...       ...        ...           ...       ...

<!-- page 54 -->
Birtle       496,486   1,470    17,900   2,450    15,795    28,200   2,775    2,925    568,001   875     3,850    4,695
Clandeboye 294,285     4,920    143,20   7,300    6,670     24,470   11,100   21,850   513,795   525     26,050   26,575
Fisher River 811,000   13,375   52,440   11,800   15,575    31,570   12,700   22,350   970,810   260     425      685
Griswold     214,395   1,080    16,000   6,050    27,000    33,000   2,300    4,200    304,025   100     ...      100
Manitowapah 444,601    2,595    29,425   16,600   14,245    77,830   14,275   12,200   611,771   ...     750      750
Norway
             52,419    595      44,200   1,100    1,530     14,275 49,370 14,600       178,586   ...     500      500
House
Pas          266,050   4,180    37,600   10,600   5,450     22,445 68,600 20,500       435,425   ...     1,500    1,500
Portage la
             354,040   3,470    9,900    10,300   19,750    19,840 1,650      4,050    423,000   285     800      1,085
Prairie
Total        2,933,273 31,685 350,665    66,200   106,015   252,130 162,770 102,675    4,005,413 2,045   33,845   35,890

<!-- page 55 -->
                                         Value of                                                  Progress During Year 1922
                                                              Value                     Total
              Total    Value             Public    Value of           Value
                               Value of                       of Live         Value of Value of                           Total
              Value of of                Buildings Implements         of                           Value of New Value of
Agencies                       Private                        Stock           Household Real and                          Increase
              Lands in Private           Property and                 General                      Land         Buildings
                               Buildings                      and             Effects   Personal                          in
              Reserves Fencing           of the    Vehicles           Effects                      Improvements Erected
                                                              Poultry                   Property                          Value
                                         Band
...           $        $       $         $         $          $       $       $         $          $            $         $
NEW
          ...           ...     ...      ...      ...        ...      ...      ...      ...        ...          ...       ...
BRUNSWICK
Northern
              19,060    130     11,000   2,200    1,000      1,450    540      3,800    39,180     125          200       325
Division
North Eastern
              46,294    2,328   27,845   32,694   5,243      4,309    6,500    16,490   141,704    125          190       315
Division
South Western
              6,900     205     9,125    1,600    400        695      1,242    1,625    21,792     ...          ...       ...
Division
Total         72,254    2,663   47,970   36,495   6,643      6,454    8,282    21,915   202,676    250          390       640
NOVA
              ...       ...     ...      ...      ...        ...      ...      ...      ...        ...          ...       ...
SCOTIA
Annapolis     1,100     22      1,500    ...      100        75       250      175      3,222      50           300       350
Antigonish
              7,000     925     2,150    3,000    375        600      300      600      14,950     ...          250       250
and Guysboro'
Cape Breton
              13,009    605     9,000    ...      2,000      1,900    1,500    500      28,514     200          50        250
(Eskasoni)
Cape Breton
              8,500     ...     5,000    ...      ...        ...      1,500    1,250    16,250     ...          ...       ...
(Sydney)
Colchester    3,000     200     5,400    1,000    500        400      400      500      11,400     ...          400       400
Cumberland    1,100     20      1,075    ...      140        200      215      235      2,985      ...          ...       ...
Digby         1,800     60      2,000    1,600    50         70       300      6,580    12,460     ...          ...       ...
Halifax       1,900     995     5,100    ...      350        1,600    1,630    2,625    14,200     ...          ...       ...
Hants         10,500    ...     2,000    ...      200        400      200      1,000    14,300     ...          ...       ...
Inverness     9,725     1,100   16,400   4,700    575        2,550    750      860      36,660     50           2,050     2,100
Kings         4,500     200     1,500    ...      200        500      700      600      8,200      ...          75        75
Lunenburg     3,450     325     3,550    800      148        715      700      1,500    11,188     ...          ...       ...
Pictou        1,500     50      10,150   3,450    100        65       1,500    1,875    18,690     ...          ...       ...
Queens        1,000     700     3,000    12,000   1,000      1,500    1,500    1,000    21,700     ...          ...       ...
Richmond      7,000     250     3,850    12,000   1,000      2,250    1,000    900      28,150     ...          ...       ...
Shelburne     ...       ...     1,000    ...      40         75       450      350      1,915      ...          ...       ...
Victoria      6,500     100     2,000    2,240    500        900      750      500      13,490     25           65        90
Yarmouth      500       ...     300      ...      ...        ...      ...      150      950        ...          ...       ...
Total         82,084    5,552   74,975   40,790   7,278      13,800   13,645   21,100   259,224    325          3,190     3,515
ONTARIO       ...       ...     ...      ...      ...        ...      ...      ...      ...        ...          ...       ...
Alnwick       75,000    5,000   31,725   7,000    5,635      8,145    2,650    12,225   147,380    ...          ...       ...
Cape Croker   150,000   7,750   65,000   35,250   15,000     30,000   10,000   10,000   323,000    7,500        2,500     10,000

<!-- page 56 -->
Caradoc         149,650   14,700 104,400     ...      25,675    28,075 1,315      31,625   355,440   650      3,400     4,050
Chapleau        18,400    350    30,000      800      ...       200    5,000      ...      54,750    ...      30,000    30,000
Christian
                35,000    1,200     8,000    7,000    2,800     6,500    2,500    2,500    65,500    250      ...       250
Island
Fort Frances    221,557   1,200     24,000   8,300    15,915    7,740    6,980    8,400    294,092   4,000    14,500    118,500
Fort William    182,000   600       27,000   3,000    1,900     5,500    7,000    8,000    235,000   ...      ...       ...
Georgina
                32,150    500       6,500    1,300    1,530     1,990    1,110    1,700    46,780    ...      ...       ...
Island
Golden Lake 3,000         700       4,000    3,100    900       2,000    3,000    3,000    19,700    ...      ...       ...
Gore Bay     80,000       15,020    30,000   22,700   10,200    16,500   7,300    17,100   198,820   ...      285       285
Kenora       123,184      903       42,640   125      5,033     6,870    29,105   20,500   228,360   ...      ...       ...
Manitowaning 247,000      21,360    68,875   33,135   47,190    46,115   20,600   45,060   529,335   630      450       1,080
Moravian     95,300       5,895     32,000   7,500    10,567    14,321   1,248    2,195    169,026   131      ...       131
New Credit   230,000      11,550    49,000   8,500    11,900    19,850   900      14,000   345,700   255      768       1,023
Parry Sound 122,000       950       20,900   17,300   3,980     13,500   7,621    16,000   202,251   ...      130       130
Rama         50,000       4,100     23,400   13,200   2,500     2,200    2,000    7,250    104,650   ...      3,000     3,000
Rice Lake    115,000      4,000     45,000   11,500   7,500     19,980   7,650    11,000   221,630   ...      ...       ...
Sarnia       640,250      15,000    87,300   33,500   26,300    2,300    6,300    30,000   865,950   180      1,800     1,950
Saugeen      80,000       1,600     17,000   27,000   4,500     18,000   2,500    4,500    155,100   100      500       600
Sault Ste.
             54,900       2,625     27,000   25,250   6,900     14,750 9,750      13,275   154,450   200      ...       200
Marie
Savanne         101,885 278       9,075      25       3,195     650     33,900 19,050      168,058 ...        ...       ...
Scugog          68,000    1,50    3,000      500      400       980     300    1,000       75,650    802      ...       802
Six Nations     1,092,400 436,960 670,890    59,850   296,000   296,430 4,600 74,000       2,931,130 ...      9,890     9,890
Sturgeon Falls 242,190 2,350 47,000        11,500     5,300     17,600 21,000 42,000       388,940 ...        3,000     3,000
Thessalon      129,064 9,705 14,500        10,000     3,320     10,000 12,433 8,363        197,385 1,460      ...       1,460
Tyendinaga     645,300 134,825 100,000 44,800         42,800    80,000 2,645 55,800        1,106,170 ...      3,000     3,000
Total          4,983,230 700,621 1,588,205 392,135    556,940   695,166 209,407 458,543    9,584,247 16,158   173,223   189,381

[*New estimated value of timber.]

<!-- page 57 -->
                                                Value of                                                    Progress During Year 1922
                                                                     Value                     Total
                  Total       Value             Public    Value of           Value
                                      Value of                       of Live         Value of Value of                             Total
                  Value of    of                Buildings Implements         of                             Value of New Value of
Agencies                              Private                        Stock           Household Real and                            Increase
                  Lands in    Private           Property and                 General                        Land         Buildings
                                      Buildings                      and             Effects   Personal                            in
                  Reserves    Fencing           of the    Vehicles           Effects                        Improvements Erected
                                                                     Poultry                   Property                            Value
                                                Band
...           $               $       $         $         $          $       $       $         $            $            $         $
PRINCE EDWARD
              20,000          1,800    10,000    10,000    1,200     3,500   3,250    3,500     53,250      85           175       260
ISLAND
QUEBEC            ...         ...      ...       ...       ...       ...     ...     ...        ...         ...          ...       ...
Becancour         3,500       125      2,200     ...       230       565     60      110        6,790       ...          ...       ...
Bersimis          51,000      750      43,200    3,900     700       2,000 9,300 13,500         124,350     450          8,700     9,130
Cacouna           6,000       ...      3,575     ...       325       260     ...     1,265      11,425      ...          ...       ...
Caughnawaga       740,000     9,250    450,000   70,500    30,000    70,500 22,000 100,000      1,492,250   500          25,000    25,500
Jeune Lorette     28,000      500      45,000    26,000    3,000     1,200 1,200 15,000         119,900     ...          1,000     1,000
Maniwaki          34,195      4,345    19,635    2,095     10,098    12,160 6,625 12,865        102,018     375          150       525
Maria             24,000      600      2,500     3,500     1,200     1,000 600       2,000      35,400      200          125       325
Mingan            ...         ...      3,500     2,000     ...       ...     7,000 4,000        16,500      ...          ...       ...
Oka               ...         4,000    40,000    3,500     10,000    20,00 ...       5,000      82,500      700          200       900
Pierreville       32,000      1,200    60,000    2,500     1,000     3,500 2,000 15,000         117,200     500          300       800
Pointe Bleue      38,000      5,900    33,000    6,000     8,000     12,000 15,000 13,000       130,900     ...          2,000     2,000
Restigouche       173,000     12,100   51,000    ...       15,000    11,000 18,000 17,000       297,100     ...          ...       ...
Seven Islands     500         ...      8,100     3,500     ...       ...     6,000 12,000       30,100      ...          7,100     7,100
St. Regis         240,000     1,600    95,000    15,000    12,000    34,000 4,500 26,000        428,10      ...          5,000     5,000
Timiskaming       35,000      800      7,500     1,750     2,500     5,750 8,000 3,500          64,800      2,000        500       2,500
Total             1,405,195   41,170   864,210   140,245   94,053    173,935 100,285 240,240    3,059,333   4,725        50,075    54,800
SASKATCHEWAN ...              ...      ...       ...       ...       ...     ...     ...        ...         ...          ...       ...
Assiniboine       425,764     5,945    20,323    4,170     22,108    52,325 749      8,175      539,559     875          1,940     2,815
Battleford        1,626,968   12,900   26,950    175       45,850    93,600 12,550 16,150       1,835,143   2,100        1,475     3,575
Carlton           1,545,224   12,646   66,940    31,900    30,056    65,985 10,605 15,446       1,778,802   1,660        1,210     2,870
Crooked Lake      1,086,662   34,200   59,020    ...       61,920    66,300 3,800 12,500        1,324,402   2,935        1,100     4,035
Duck Lake         1,769,815   20,268   35,450    17,900    34,550    78,880 6,100 22,300        1,985,263   795          ...       795
File Hills Agency 607,470     6,100    11,700    2,100     7,900     16,900 1,300 5,000         658,470     174          ...       174
File Hills Colony 376,800     600      55,000    6,000     21,000    28,000 600      8,000      496,000     800          500       1,300
Moose Mountain    250,800    2,500 9,500         1,000     9,500     30,000 2,000     2,000     307,300    100           300       400
Moose Woods       62,495     6,996 5,850         2,500     6,000     18,500 600       2,500     105,441    ...           2,500     2,500
Onion Lake        2,191,740 10,300 49,335        3,900     23,250    75,520 10,380    15,200    2,379,625 864            400       1,264
Pelly             669,824    4,100 27,850        3,500     22,300    26,465 5,500     13,650    773,189    ...           400       400
Qu'Appelle        949,730    13,160 37,600       10,900    48,245    26,840 4,505     14,500    1,105,480 1,664          7,180     8,844
Touchwood         1,190,255 19,985 28,060        1,650     56,818    88,900 20,500    23,400    1,429,568 2,150          1,700     3,850
Total             12,753,547 149,700 433,578     85,695    389,497   668,215 79,189   158,821   14,718,242 14,117        18,705    32,822

