=== TABLE HEADER (the column definitions of this table, printed once at the start of the statement; use to name the columns) ===

TABLE NO. 6: SOURCES AND VALUE OF INCOME

                      Value
                      of
                                                                                     Annuities
            Value of Beef                                       Earned Earned by
                                       Received                                      paid and
            Farm      sold                      Received Earned by       other                   Total
                              Wages    from                                          Interest on
Agencies    Products, also of                   from     by     Hunting Industries               Income of
                              Earned   Land                                          Indian
            including that                      Timber Fishing and       and                     Indians
                                       Rentals                                       Trust
            Hay       used                                      Trapping Occupations
                                                                                     Funds
                      for
                      Food
ALBERTA     $         $       $        $ cts.    $ cts.    $         $         $        $ cts.      $ cts.
Blackfoot   74,799 7,578 4,500         42,248 52 ...       ...       312       15,160   59,746 95   204,344 47
Blood       108,300 10,660 25,000      8,107 00 ...        ...       2,000     15,000   7,003 48    176,070 48
Edmonton    36,589 6,851 3,300         1,000 00 4,375 35   300       700       4,320    26,456 03   83,891 38
Hobbema     13,307 1,239 1,044         4,542 25 ...        2,202     427       9,574    14,216 22   46,511 47
Lesser Slave
             27,826   1,420 36,420 ...            ...      7,750     329,450 ...        14,060 00 416,926 00
Lake
Peigan      18,920    9,610 7,000 950 00       ...         ...       704       ...      6,730 53 43,914 53
Saddle Lake 26,973    7,550 10,125 ...         ...         1,705     6,200     5,200    4,205 66 61,958 66
Sarcee      6,767     1,896 3,040 ...          ...         ...       1,000     4,281    775 00     17,759 00
Stony       580       2,814 26,353 250 00      ...         ...       6,838     8,445    4,060 57 49,340 57
Total       314,061   49,618 116,742 57,097 77 4,375 35    11,957    347,631   61,980   137,254 44 1,100,716 56
BRITISH
            ...       ...     ...      ...        ...      ...       ...       ...  

=== EXTRACT FROM HERE (pages 59-63) ===

TABLE NO. 6: SOURCES AND VALUE OF INCOME

                      Value
                      of
                                                                                     Annuities
            Value of Beef                                       Earned Earned by
                                       Received                                      paid and
            Farm      sold                      Received Earned by       other                   Total
                              Wages    from                                          Interest on
Agencies    Products, also of                   from     by     Hunting Industries               Income of
                              Earned   Land                                          Indian
            including that                      Timber Fishing and       and                     Indians
                                       Rentals                                       Trust
            Hay       used                                      Trapping Occupations
                                                                                     Funds
                      for
                      Food
ALBERTA     $         $       $        $ cts.    $ cts.    $         $         $        $ cts.      $ cts.
Blackfoot   74,799 7,578 4,500         42,248 52 ...       ...       312       15,160   59,746 95   204,344 47
Blood       108,300 10,660 25,000      8,107 00 ...        ...       2,000     15,000   7,003 48    176,070 48
Edmonton    36,589 6,851 3,300         1,000 00 4,375 35   300       700       4,320    26,456 03   83,891 38
Hobbema     13,307 1,239 1,044         4,542 25 ...        2,202     427       9,574    14,216 22   46,511 47
Lesser Slave
             27,826   1,420 36,420 ...            ...      7,750     329,450 ...        14,060 00 416,926 00
Lake
Peigan      18,920    9,610 7,000 950 00       ...         ...       704       ...      6,730 53 43,914 53
Saddle Lake 26,973    7,550 10,125 ...         ...         1,705     6,200     5,200    4,205 66 61,958 66
Sarcee      6,767     1,896 3,040 ...          ...         ...       1,000     4,281    775 00     17,759 00
Stony       580       2,814 26,353 250 00      ...         ...       6,838     8,445    4,060 57 49,340 57
Total       314,061   49,618 116,742 57,097 77 4,375 35    11,957    347,631   61,980   137,254 44 1,100,716 56
BRITISH
            ...       ...     ...      ...        ...      ...       ...       ...      ...         ...
COLUMBIA
Babine      34,220    5,350 47,800     60 00      ...       20,000   96,000    20,900   169 87      224,499 87
Bella Coola 4,800     1,700 11,600     ...        ...       71,000   23,500    74,000   221 33      186,821 33
Cowichan    47,250    3,375 95,500     1,114 50   5,750 00 31,250    1,700     7,600    4,222 65    197,762 15
Kamloops    241,452   5,565 19,260     5,211 00   6,376 47 ...       3,650     ...      1,974 97    283,489 44
Kootenay    35,855    9,500 27,600     50 00      2,757 11 910       3,925     3,230    52 64       83,879 75
Kwawkewlth 250        ...    22,650    1,324 57   14,736 94 60,200   5,700     50,600   1,347 91    156,809 42
Lytton      49,160    12,110 97,900    12 00      1,171 45 ...       6,330     11,250   995 84      178,929 29
New
            25,159    6,355 42,200 9,230 61 18,347 21 8,450          7,650     2,000    1,717 26    121,109 08
Westminster
Okanagan    96,500    5,500 23,500 2,638 00 ...            130       1,775     1,675    695 01      132,413 01
Queen
            9,000     1,700 27,000 ...            ...      20,000 900          7,000    102 16      65,702 16
Charlotte
Skeena River 40,790   500     72,100   ...        ...       115,490 111,990    37,500   3,825 19    382,195 19
Stikine      3,340    ...     22,238   ...        ...       17,041 130,302     11,487   ...         184,408 00
Stuart Lake 30,148    7,245   22,615   ...        ...       16,530 35,730      5,205    2,221 30    119,694 30
Vancouver 3,500       100     30,500   1,633 02   25,871 63 29,000 7,600       24,800   9,004 37    132,009 02
West Coast 223        15      ...      37 00      6 40      99,800 955         4,335    89 22       105,460 62
Williams
             56,255   4,810 50,380 ...            ...      ...       27,350    9,900    35 95       148,730 95
Lake

<!-- page 60 -->
Total        677,902   63,825 612,843 21,310 70 75,017 21 489,801 465,057   271,482   26,675 67   2,703,913 58
MANITOBA ...           ...    ...     ...       ...       ...     ...       ...       ...         ...
Birtle       23,355    525    5,157 641 20      ...       265     2,466     3,820     4,198 73    40,417 93
Clandeboye 14,525      2,435 21,900 1,190 00 71 20        11,780 25,000     6,650     12,578 86   96,130 06
Fisher River 33,107    1,600 27,400 100 00      ...       11,000 5,000      8,450     9,634 76    96,291 76
Griswold     21,000    250    6,500 ...         ...       400     2,800     1,860     2 87        32,812 87
Manitowapah 27,412     1,525 14,400 ...         ...       7,050 4,650       6,100     9,783 75    70,920 75
Norway
             3,920     300   20,500 ...         ...      18,000 185,000 14,700        12,805 00 255,225 00
House
Pas          11,400    1,470 29,500 70 00       14 37    9,000   122,000 ...          14,449 20 187,903 57
Portage la
             31,255    100   5,000    2,282 20 ...       ...     1,300      1,800     8,947 61    50,684 81
Prairie
Total        165,974 8,195 130,357 4,283 40 85 57        57,495 348,216 43,380        72,400 78 830,386 75

<!-- page 61 -->
                         Value
                         of
                                                                                        Annuities
               Value of Beef                                       Earned Earned by
                                          Received                                      paid and
               Farm      sold                      Received Earned by       other                   Total
                                 Wages    from                                          Interest on
Agencies       Products, also of                   from     by     Hunting Industries               Income of
                                 Earned   Land                                          Indian
               including that                      Timber Fishing and       and                     Indians
                                          Rentals                                       Trust
               Hay       used                                      Trapping Occupations
                                                                                        Funds
                         for
                         Food
...            $         $       $        $ cts.   $ cts.    $       $       $           $ cts.     $ cts.
NEW
          ...           ...     ...       ...      ...       ...     ...     ...         ...        ...
BRUNSWICK
Northern
               2,100    ...     2,700     ...      44 80     200     2,160   ...         1,499 50   8,704 30
Division
Northeastern
               5,959    205     8,800     200 00   311 63    4,425   465     2,250       565 05     23,180 68
Division
Southwestern
               1,100    ...     13,000    ...      250 00    150     1,200   2,575       44 84      18,319 84
Division
Total       9,519       205     24,500    200 00   606 43    4,775   3,825   4,825       2,109 39   50,204 82
NORTHWEST
            ...         ...     ...       ...      593 78    ...     ...     ...         ...        ...
TERRITORIES
Fort Simpson   ...      ...     ...       ...      ...       ...     ...     ...         ...        ...
NOVA
               ...      ...     ...       ...      ...       ...     ...     ...         ...        ...
SCOTIA
Annapolis      250      ...     151       ...      ...       ...     160     700         ...        1,261 00
Antigonish and
               952      100     1,550     ...      0 90      525     400     3,100       59 38      7,660 28
Guysboro
Cape Breton
               2,500    400     900       ...      ...       200     300     1,500       ...        5,800 00
(Eskasoni)
Cape Breton
               ...      ...     15,000    ...      ...      ...      ...     ...         20 98      15,020 98
(Sydney)
Colchester     315      ...     4,000     ...      ...      ...      300     5,000       ...        9,615 00
Cumberland     230      ...     2,350     ...      ...      ...      150     1,450       86 91      4,266 91
Digby          400      ...     3,000     ...      ...      3,000    500     7,000       ...        7,900 00
Halifax        2,000    2,100   12,000    ...      ...      100      ...     7,850       618 06     24,668 06
Hants          1,000    ...     200       ...      ...      200      2,000   400         58 40      3,858 40
Inverness      1,760    218     2,000     ...      ...      1,500    600     1,300       ...        7,378 00
Kings          500      10      3,500     ...      ...      100      600     500         ...        5,300 00
Lunenburg      1,010    115     2,000     ...      ...      350      350     2,060       2 35       5,887 35
Pictou         630      ...     2,000     ...      ...      1,500    500     3,100       ...        7,730 00
Queens         1,000    100     1,000     ...      ...      200      100     500         188 50     3,088 50
Richmond       1,570    54      390       ...      ...      150      15      30          ...        2,209 00
Shelburne      100      ...     1,000     ...      ...      200      300     500         ...        2,100 00
Victoria       2,580    200     7,900     ...      ...      400      300     2,750       23 00      14,153 00

<!-- page 62 -->
Yarmouth         ...       ...     200      ...        ...       ...      ...      100       ...         300 00
Total            16,770    3,387   60,141   ...        0 90      8,425    6,575    31,840    1,057 58    128,196 48
ONTARIO          ...       ...     ...      ...        ...       ...      ...      ...       ...         ...
Alnwick          6,900     210     7,700    2,063 75   ...       ...      2,600    990       7,543 56    28,007 31
Cape Croker      10,450    2,000   6,000    75 00      ...       10,000   300      2,500     22,006 33   53,331 33
Caradoc          43,875    3,255   71,005   4,190 63   6 50      275      2,200    3,200     2,503 56    131,510 69
Chapleau         1,600     ...     5,000    ...        ...       500      30,000   ...       12,668 00   49,768 00
Christian Island 5,600     150     3,500    ...        ...       150      400      1,500     8,307 43    19,607 43
Fort Frances     8,675     100     34,000   360 00     15,414 90 41,300   45,000   4,000     8,729 39    157,579 29
Fort William     1,600     1,500   38,000   ...        ...       9,000    45,000   ...       10,497 96   105,597 96
Georgina
                 1,200     600     6,000    126 00     ...      200       150      1,000     1,649 45    10,925 45
Island
Golden Lake      700       ...     3,000    99 00      ...      ...       3,000    ...       10 10       6,809 10
Gore Bay         10,840    590     23,600   ...        501 86   350       550      ...       9,867 67    46,299 53
Kenora           6,010     70     49,500    10 00      10,770 06 42,000   56,000   49,000    16,100 78   223,460 84
Manitowaning     29,769    16,140 115,710   ...        2,541 79 6,350     12,750   17,290    22,270 53   222,821 32
Moravian         10,594    568    14,955    10 00      ...       250      247      499       6,020 64    33,143 64
New Credit       19,460    3,450 29,500     3,032 50   ...       ...      450      900       5,150 44    61,942 94
Parry Sound      7,450     1,375 36,000     390 00     38,648 97 ...      1,125    ...       12,245 57   97,234 54
Rama             3,500     ...    12,500    20 00      ...       2,000    3,000    5,000     3,396 79    29,416 79
Rice Lake        13,564    4,600 17,500     220 00     ...       1,500    10,500   8,700     2,976 69    59,560 69
Sarnia           29,115    2,725 42,350     1,351 50   10 10     900      700      8,400     13,686 73   99,238 33
Saugeen          8,000     1,000 19,000     ...        ...       1,000    1,500    3,500     16,949 06   50,949 06
Sault Ste.
                 14,500    2,900 180,000    3750 0     308 06   13,500 18,000      10,000    14,059 01 253,642 07
Marie
Savanne          2,330     ...    41,000    ...       ...       43,500 79,000      17,500    5,815 00 189,145 00
Scugog           400       100    900       802 00    ...       70      800        900       690 89     4,662 89
Six Nations      410,700   ...    160,000 1,980 00 ...          ...     ...        41,320    40,510 07 654,510 07
Sturgeon Falls   10,300    1,200 36,000     ...       ...       2,300 112,000      9,000     59,686 00 230,486 00
Thessalon        9,200     ...    24,000    ...       19 55     1,500 22,100       1,800     6,702 43 65,321 98
Tyendinaga       90,000    4,000 40,000     7,603 54 ...        2,500 500          1,000     5,887 38 151,490 92
Total            756,332   46,533 1,016,720 22,708 92 68,221 79 179,145 447,872    181,999   316,931 46 3,036,463 17

<!-- page 63 -->
                            Value
                            of
                                                                                           Annuities
                  Value of Beef                                       Earned Earned by
                                             Received                                      paid and
                  Farm      sold                      Received Earned by       other                   Total
                                    Wages    from                                          Interest on
Agencies          Products, also of                   from     by     Hunting Industries               Income of
                                    Earned   Land                                          Indian
                  including that                      Timber Fishing and       and                     Indians
                                             Rentals                                       Trust
                  Hay       used                                      Trapping Occupations
                                                                                           Funds
                            for
                            Food
...               $         $       $        $ cts.   $ cts.   $       $        $           $ cts.      $ cts.
PRINCE EDWARD
              2,500         350    1,250     ...      ...      1,450   75       7,000       ...         12,625 00
ISLAND
QUEBEC            ...       ...    ...     ...      ...       ...    ...        ...         ...         ...
Becancour         180       150    300     ...      ...       25     15         ...         386 59      1,056 58
Bersimis          1,350     355    4,975 500 00 20,293 00 ...        99,000     3,450       6,492 46    136,415 46
Cacouna           ...       ...    2,400 ...        ...       20     350        1,500       456 34      4,726 34
Caughnawaga       14,400    2,000 225,000 7,717 14 ...        ...    ...        20,000      788 76      269,905 90
Jeune Lorette     ...       ...    30,000 ...       ...       ...    3,000      20,000      915 25      53,915 25
Maniwaki          8,406     139    33,962 272 00 3,134 91 100        33,345     1,789       3,010 46    84,158 37
Maria             1,200     100    2,000 ...        ...       300    400        800         ...         4,800 00
Mingan            ...       ...    ...     ...      ...       ...    8,000      ...         ...         8,000 00
Oka               8,000     2,000 20,000 ...        ...       100    100        600         408 39      31,208 39
Pierreville       1,000     1,500 2,000 175 00 ...            ...    600        2,500       285 56      8,060 56
Pointe Bleue      19,000    3,000 15,000 ...        1,587 50 1,200 45,000       3,500       547 22      88,834 72
Restigouche       14,500    80     5,700 210 00 1,083 42 100         1,000      3,500       158 09      27,051 51
Seven Islands     ...       ...    1,000 ...        ...       ...    15,000     16,000      ...         32,000 00
St. Regis         65,000    14,600 112,000 637 37 ...         4,000 4,100       22,000      3,127 05    225,464 42
Timiskaming       6,466     375    10,000 ...       2,285 80 300     23,000     850         2,164 82    45,441 62
Total             139,502   25,019 464,337 9,511 51 28,384 63 6,145 232,910     96,489      18,740 98   1,021,039 12
SASKATCHEWAN ...            ...    ...     ...      ...       ...    ...        ...         ...         ...
Assiniboine       25,608    13,098 1,022 ...        ...       ...    80         11,304      1,849 21    52,961 21
Battleford        53,771    4,980 19,380 2,138 40 ...         8,500 15,450      4,050       10,340 48   118,609 88
Carlton           33,851    6,186 8,664 ...         50 00     1,091 42,060      11,349      16,073 99   119,324 99
Crooked Lake      34,250    2,810 4,650 292 53 ...            1,000 1,415       400         31,150 34   75,967 87
Duck Lake         51,800    7,800 11,200 ...        ...       800    25,000     11,700      8,403 21    116,703 21
File Hills Agency 8,900     1,750 600      ...      ...       ...    1,200      4,300       1,765 00    18,515 00
File Hills Colony 33,000    3,700 3,000 ...         ...       ...    200        3,000       ...         42,900 00
Isle a la Crosse  ...       ...    ...     ...      ...       ...    ...        ...         11,185 00   11,185 00
Moose Mountain    16,919    1,000 1,100 ...         ...       500    1,600      4,000       3,133 97    28,252 97
Moose Woods       5,500     1,800 2,500 ...         ...       100    1,250      2,000       ...         13,150 00
Onion Lake        52,027    10,700 18,000 ...       ...       12,500 92,500     8,500       5,210 75    199,437 75
Pelly             34,500    1,300 12,500 4,005 45 250 00      ...    7,500      3,650       12,190 60   75,896 05

