=== TABLE HEADER (the column definitions of this table, printed once at the start of the statement; use to name the columns) ===

TABLE No. 5. - VALUE OF REAL AND PERSONAL PROPERTY AND PROGRESS DURING THE YEAR

                                             Value of                                                    Progress during the Year 1925
                                                                                             Total
               Total       Value             Public Value of     Value of Value
                                   Value of                                        Value of Value of                            Total
               Value of    of                Building Implements Livestock of                            Value of New Value of
Agencies                           Private                                         Household Real and                           Increase
               Lands in    Private           Property and        and       General                       Land         Buildings
                                   Buildings                                       Effects   Personal                           in
               Reserves    Fencing           of the   Vehicles   Poultry Effects                         Improvements Erected
                                                                                             Property                           Value
                                             Band
ALBERTA        $           $       $         $        $          $         $       $         $           $             $         $
Blackfoot      3,000,000   24,000 300,000 57,000 100,000         125,000 8,000 25,000        3,639,000   500           17,495    17,995
Blood          7,081,720   30,000 87,000     25,000 165,000      245,000 41,000 30,000       7,704,720   2,000         8,000     10,000
Edmonton       1,185,915   16,850 86,700     9,425    34,050     30,785    5,800 13,850      1,383,375   1,825         1,425     3,250
Hobbema        1,528,480   29,699 38,300     ...      79,036     59,523    11,066 8,613      1,754,717   43,325        300       43,625
Lesser Slave
               2,393,332 14,200 53,650      ...      19,330     57,745    46,777 26,400      2,611,404 ...             ...       ...
Lake
Peigan      981,045    4,687 37,087         22,970 48,386       124,165   16,117 10,595      1,245,052 1,495           ...       1,495
Saddle Lake 718,208    2,775 23,720         ...     20,615      29,660    5,305 7,155        807,438    1,001          ...       1,001
Sarcee      1,180,420 10,500 20,700       

=== EXTRACT FROM HERE (pages 59-63) ===

TABLE No. 5. - VALUE OF REAL AND PERSONAL PROPERTY AND PROGRESS DURING THE YEAR

                                             Value of                                                    Progress during the Year 1925
                                                                                             Total
               Total       Value             Public Value of     Value of Value
                                   Value of                                        Value of Value of                            Total
               Value of    of                Building Implements Livestock of                            Value of New Value of
Agencies                           Private                                         Household Real and                           Increase
               Lands in    Private           Property and        and       General                       Land         Buildings
                                   Buildings                                       Effects   Personal                           in
               Reserves    Fencing           of the   Vehicles   Poultry Effects                         Improvements Erected
                                                                                             Property                           Value
                                             Band
ALBERTA        $           $       $         $        $          $         $       $         $           $             $         $
Blackfoot      3,000,000   24,000 300,000 57,000 100,000         125,000 8,000 25,000        3,639,000   500           17,495    17,995
Blood          7,081,720   30,000 87,000     25,000 165,000      245,000 41,000 30,000       7,704,720   2,000         8,000     10,000
Edmonton       1,185,915   16,850 86,700     9,425    34,050     30,785    5,800 13,850      1,383,375   1,825         1,425     3,250
Hobbema        1,528,480   29,699 38,300     ...      79,036     59,523    11,066 8,613      1,754,717   43,325        300       43,625
Lesser Slave
               2,393,332 14,200 53,650      ...      19,330     57,745    46,777 26,400      2,611,404 ...             ...       ...
Lake
Peigan      981,045    4,687 37,087         22,970 48,386       124,165   16,117 10,595      1,245,052 1,495           ...       1,495
Saddle Lake 718,208    2,775 23,720         ...     20,615      29,660    5,305 7,155        807,438    1,001          ...       1,001
Sarcee      1,180,420 10,500 20,700         36,500 11,000       26,580    2,000 2,000        1,289,700 300             200       500
Stony       441,290    9,000 16,000         900     13,210      34,877    8,142 10,000       533,419    ...            ...       ...
Total       18,510,380 141,711 663,157      151,795 490,627     733,335   144,207 133,613    20,968,825 50,446         27,420    77,866
BRITISH
COLUMBIA
            112,270    11,770 144,300       12,350   22,700     72,700    64,500 34,000      474,590     2,250         900       3,150
Babine
Bella Coola 352,600        2,500 (t)24,500 13,500 22,500        16,825    130,000 62,000     724,425     12,000        11,000    23,000
Cowichan    1,757,300      118,900 185,550 7,500   98,300       51,600    69,050 76,350      2,364,550   2,250         3,250     5,500
Kamloops    3,475,293      52,641 116,130 44,238 105,575        187,450   14,325 17,645      4,013,297   ...           ...       ...
Kootenay    471,980        11,860 20,560   117,700 27,075       63,960    8,140 7,150        728,425     ...           ...       ...
Kwawkewlth 271,134         2,030 167,115 4,400     73,500       228       71,800 73,000      663,207     ...           12,000    12,00
Lytton      940,666        19,985 75,915   23,580 40,969        74,225    10,385 19,735      1,205,460   6,850         3,700     91550
New
            771,583        17,645 68,800    20,100   18,925     35,085    27,530 27,975      987,643     ...           ...       ...
Westminster
Okanagan       1,919,260 26,250 130,000     36,750   47,000     178,000   10,750 19,250      2,367,260 6,750           4,650     11,466
Queen
               35,000      1,000   70,000   1,600    4,300      3,400     36,000 25,000      176,300     ...           11,000    11,000
Charlotte
Skeena River 716,420    11,200 306,500 115,600 5,800            6,825     247,500 61,500     1,471,345   ...           13,000    13,000
Stikine      2,075      40      14,820    ...     4,840         3,500     14,755 27,590      67,620      ...           ...       ...
Stuart Lake 258,696     14,515 92,000     25,200 14,245         34,335    22,370 26,540      487,901     1,150         1,000     2,150
Vancouver 1,895,495 4,600 87,200          39,100 3,020          6,300     23,435 24,800      2,083,950   ...           ...       ...
West Coast 112,500      3,715 106,100 3,650       1,623         4,210     60,150 30,840      322,788     405           3,330     3,735
Williams
             454,525    76,500 45,720     12,550 17,915         64,650    15,225 17,000      704,085     ...           ...       ...
Lake
Total        13,546,797 375,151 1,755,210 477,818 508,287       803,293   825,915 550,375    18,842,846 30,655         63,830    94,485

<!-- page 60 -->
MANITOBA
         499,061       1,925    25,825    2,850    19,560    31,100    3,700    3,675    587,696   1,150     600     1,750
Birtle
Clandeboye 291,285     5,440    161,100   7,900    7,620     26,260    12,400   22,350   534,355   2,350     2,500   4,850
Fisher River 847,449   10,267   43,145    11,800   16,694    39,234    11,285   11,890   991,764   ...       1,875   1,875
Griswold     156,986   1,135    30,180    6,150    29,600    24,000    2,660    5,645    256,356   324       175     499
Manitowapah 366,101    2,270    45,400    26,950   15,925    67,880    14,500   12,575   551,601   ...       150     150
Norway
             132,282   710      45,200    7,700    1,570     14,900    51,500 14,600     268,462   ...       2,100   2,100
House
Pas          270,450   5,200    43,600    13,600   5,250     20,670    68,300 20,500     447,570   5,400     ...     5,400
Portage la
             354,040   4,350    17,700    14,500   18,400    18,550    1,700    4,300    433       950       655     1,605
Prairie
Total        2,917,654 31,297 412,150     91,450   114,619   242,594   166,045 95,535    4,071,344 10,1741   8,055   18,229

<!-- page 61 -->
                                           Value of                                                   Progress during the Year 1925
                                                                                           Total
                Total    Value             Public Value of     Value of Value
                                 Value of                                        Value of Value of                           Total
                Value of of                Building Implements Livestock of                           Value of New Value of
Agencies                         Private                                         Household Real and                          Increase
                Lands in Private           Property and        and       General                      Land         Buildings
                                 Buildings                                       Effects   Personal                          in
                Reserves Fencing           of the   Vehicles   Poultry Effects                        Improvements Erected
                                                                                           Property                          Value
                                           Band
NEW
          ...            ...     ...       ...      ...        ...      ...     ...        ...        ...           ...       ...
BRUNSWICK
Northern
                19,060   130     11,500    3,200    2,000      1,800    525     3,750      41,965     150           500       650
Division
Northeastern
                45,048   2,328   28,921    35,682   5,244      4,310    6,000   16,490     144,023    ...           2,315     2,315
Division
Southwestern
                6,200    470     12,130    12,000   500        400      1,240   1,675      34,615     ...           700       700
Division
Total           70,308   2,928   52,551    50,882   7,744      6,510    7,765   21,915     220,603    150           3,515     3,665
NORTHWEST
TERRITORIES ...          ...     ...       ...      ...        ...      34,700 24,000      58,700     ...           ...       ...
Fort Resolution
NOVA
SCOTIA          600      20      1,800     ...      400        120      350     200        3,490      ...           ...       ...
Annapolis
Antigonish and
                6,000    975     3,050     3,000    440        725      310     475        14,975     ...           200       200
Guysboro
Cape Breton
                14,500   600     8,500     ...      1,200      1,800    1,500   800        28,900     500           800       1,300
(Eskasoni)
Cape Breton
                8,000    ...     15,000    2,500    25         50       500     1,500      27,575     ...           ...       ...
(Sydney)
Colchester      3,000    200     6,400     1,000    700        500      400     550        12,750     ...           200       200
Cumberland      1,100    20      825       100      100        150      150     25         2,470      ...           ...       ...
Digby           1,800    60      2,500     2,000    ...        ...      300     3,500      10,160     ...           ...       ...
Halifax         3,900    1,150   6,200     ...      560        1,900    1,630   2,000      17,340     ...           ...       ...
Hants (Indian
                5,550    161     860       2,800    150        530      166     515        10,732     ...           ...       ...
Brook)
Hants
                10,500   ...     2,000     ...      400        500      500     800        14,700     300           ...       300
(Windsor)
Inverness       9,725    1,100   16,400    5,500    575        2,550    750     860        37,460     ...           200       200
Kings           4,500    100     1,200     ...      100        225      250     400        6,775      ...           ...       ...
Lunenburg       3,000    320     2,500     300      230        400      600     1,000      8,350      ...           ...       ...
Pictou          1,500    50      9,600     8,450    440        170      834     1,750      22,794     ...           150       150
Queens          2,500    100     2,000     ...      125        260      325     1,000      6,310      ...           ...       ...
Richmond        7,000    250     3,850     12,000   1,000      2,250    1,000   800        28,150     ...           800       800
Shelburne       ...      ...     1,500     ...      300        60       500     400        2,760      ...           ...       ...
Victoria        7,000    350     2,000     240      550        600      800     700        14,240     10            50        60
Yarmouth        500      ...     300       500      ...        100      400     300        2,100      ...           ...       Total

<!-- page 62 -->
90,675          5,456      86,485 40,390      7,295    12,890    11,265    17,575 272,031    810        2,400     3,210   ...
ONTARIO
                75,000     5,300    34,000    8,700    3,935     5,150     2,970    15,250   150,305    50        300     350
Alnwick
Cape Croker      150,000   8,450    71,500    35,250   15,400    33,500    10,000   8,000    332,100    50        1,000   1,050
Caradoc          150,350   13,900   115,800   35,000   25,000    31,150    2,075    31,700   404,975    300       1,000   1,300
Chapleau         18,400    340      32,000    775      ...       ...       5,000    ...      56,515     ...       ...     ...
Christian Island 35,600    1,800    81700     7,000    3,200     7,100     2,000    3,200    68,600     100       400     500
Fort Frances    215,310    1,200    31,100    8,300    17,792    7,900     7,580    9,820    299,002    4,000     3,200   7,200
Fort William    182,460    600      31,500    6,300    2,308     7,425     9,633    8,000    248,286    ...       4,500   4,500
Georgina
                32,150     360      8,500     5,500    1,000     2,700     5,535    1,500    57,245     ...       ...     ...
Island
Golden Lake     3,000      700      4,000     3,100    500       2,000     3,000    3,000    19,300     ...       ...     ...
Gore Bay        80,000     15,020   30,000    24,800   8,750     ...       15,500   7,200    16,200     197,470   ...     780
Kenora          126,696    744      48,840    725      7,250     7,734     34,865   26,875   253,729    ...       ...     ...
Manitowaning    247,000    21,875   69,575    36,850   43,740    37,455    18,970   42,955   518,420    260       1,800   2,060
Moravian        65,000     4,500    25,000    7,500    10,000    10,000    22,000   2,000    146,000    600       500     1,100
New Credit      225,000    11,500   50,900    9,000    12,850    17,300    1,000    14,500   342,050    465       1,835   2,300
Parry Sound     122,000    950      20,900    19,300   12,200    13,500    7,621    16,000   212,471    ...       5,000   5,000
Rama            50,000     4,100    29,950    13,500   4,300     3,000     2,000    7,500    114,350    ...       2,000   2,000
Rice Lake       115,000    4,000    58,000    13,000   8,500     20,000    7,800    10,000   236,300    ...       3,500   3,500
Sarnia          630,450    15,550   106,300   43,500   27,800    26,100    6,400    32,000   888,100    115       900     1,015
Saugeen         80,000     2,200    26,400    30,000   7,000     18,400    3,050    4,500    171,550    1,400     1,000   2,400
Sault Ste.
                54,900     2,825    27,000    33,000   7,175     17,100    10,875 13,900     166,775    ...       ...     ...
Marie
Savanne         101,970 540       14,775      25       5,335     834       46,105 29,350     198,934 ...          ...     ...
Scugog          60,000    2,000 2,000         500      400       500       300    950        66,650    ...        ...     ...
Six Nations     1,092,400 436,960 674,000     65,000   280,200   270,000   4,700 75,000      2,898,260 ...        ...     ...

<!-- page 63 -->
                                                Value of                                                    Progress during the Year 1925
                                                                                                Total
                  Total       Value             Public Value of     Value of Value
                                      Value of                                        Value of Value of                            Total
                  Value of    of                Building Implements Livestock of                            Value of New Value of
Agencies                              Private                                         Household Real and                           Increase
                  Lands in    Private           Property and        and       General                       Land         Buildings
                                      Buildings                                       Effects   Personal                           in
                  Reserves    Fencing           of the   Vehicles   Poultry Effects                         Improvements Erected
                                                                                                Property                           Value
                                                Band
ONTARIO -
                  $           $        $         $        $        $         $        $         $           $             $         $
Concluded
Sturgeon Falls 242,290        2,350 53,200      12,500 5,300       17,600    23,000 43,000      399,240     ...           2,000     2,000
Thessalon      128,564        9,705 14,500      10,000 5,625       11,100    12,633 8,365       200,492     ...           ...       ...
Tyendinaga     645,300        134,825 105,000 44,800 42,800        80,000    2,645 55,800       1,111,170   ...           5,800     5,800
Total          4,928,840      702,294 1,693,440 473,925 558,420    663,048   258,957 479,365    9,758,289   7,840         35,515    42,855
PRINCE EDWARD
               20,000         1,750    10,000    10,000   1,100    2,300     8,115    3,200     51,465      ...           ...       ...
ISLAND
QUEBEC            ...         ...      ...       ...      ...      ...       ...      ...       ...         ...           ...       ...
Bécancour         4,000       500      1,500     ...      300      800       200      750       8,050       ...           ...       ...
Bersimis          51,000      675      54,300    33,000   900      3,250     8,700    14,000    165,825     ...           800       800
Cacouna           6,000       ...      2,310     ...      250      ...       950      3,500     13,010      ...           ...       ...
Caughnawaga       750,000     8,000    500,000   75,000   35,000   61,000    20,000   100,000   1,549,000   200           5,000     5,200
Jeune Lorette     32,000      550      54,000    31,000   11,000   1,400     1,700    20,000    151,650     ...           6,000     6,000
Maniwaki          35,895      4,570    23,735    2,095    11,775   12,055    6,710    13,090    109,925     455           750       1,205
Maria             20,000      560      6,000     5,000    400      795       760      3,150     36,655      ...           300       300
Mingan            ...         ...      3,000     1,600    ...      ...       7,000    1,800     13,400      ...           100       100
Oka               30,000      3,000    20,000    3,000    4,000    9,000     ...      5,000     74,000      400           3,000     3,400
Pierreville       35,000      1,000    62,500    2,500    1,200    2,500     2,000    16,000    122,700     250           1,000     1,250
Pointe Bleue      46,000      6,000    42,500    6,000   17,500    13,500    15,000 15,000      161,500     ...           2,500     2,500
Restigouche       173,000     12,100   56,000    ...     15,000    10,000    18,000 15,000      299,100     ...           2,400     2,400
Seven Islands     1,500       25       8,800     4,000   ...       ...       6,000 12,000       32,325      ...           ...       ...
St. Regis         147,680     1,900    108,000   13,000 12,820     33,400    11,000 38,000      365,800     ...           1,400     1,400
Temiskaming       35,000      1,700    9,000     1,700   2,500     4,600     8,500 3,500        66,500      ...           500       500
Total             1,367,075   40,580   951,645   177,895 112,645   152,300   106,510 260,790    3,169,440   1,365         23,750    25,055
SASKATCHEWAN ...              ...      ...       ...     ...       ...       ...     ...        ...         ...           ...       ...
Assiniboine       430,020     4,770    18,538    3,531   20,528    37,739    699     10,600     526,425     870           800       1,670
Battleford        3,234,773   34,100   75,500    4,900   79,300    74,600    19,050 22,200      3,544,423   3,320         1,950     5,270
Carlton           1,545,224   11,321   55,997    26,065 24,033     68,065    6,595 8,375        1,745,675   4,385         875       5,260
Crooked Lakes     924,183     10,000   48,200    200     48,900    45,490    13,050 9,300       1,099,323   1,620         900       2,520
Duck Lake         1,769,725   21,000   35,870    18,000 34,000     90,650    7,500 24,550       2,001,295   4,100         1,500     5,600
File Hills Agency 525,000     1,500    9,000     1,500   5,500     15,000    1,100 3,200        561,800     120           300       420
File Hills Colony 400,000     600      50,000    12,000 20,000     30,000    700     9,000      522,300     430           1,000     1,430
Isle à la Crosse  105,822     450      14,681    300     290       ...       29,257 4,605       155,405     ...           ...       ...
Moose Mountain    260,800     2,000    7,500     3,300   7,500     8,002     1,200 1,500        281,802     ...           ...       ...
Moose Woods       62,495      6,990    3,850     2,500   6,000     24,450    2,500 10,250       119,035     ...           ...       ...

