=== TABLE HEADER (the column definitions of this table, printed once at the start of the statement; use to name the columns) ===

TABLE No. 6. - SOURCES AND VALUE OF INCOME

                      Value
                      of
                                                                                     Annuities
            Value of Beef                                       Earned Earned by
                                       Received                                      paid and
            Farm      sold                      Received Earned by       other                   Total
                             Wages     from                                          Interest on
Agencies    Product, also of                    from     by     Hunting Industries               Income of
                             Earned    Land                                          Indian
            including that                      Timber Fishing and       and                     Indians
                                       Rentals                                       Trust
            Hay       used                                      Trapping Occupations
                                                                                     Funds
                      for
                      Food
ALBERTA     $         $      $         $ cts.    $ cts.      $        $         $        $ cts.     $ cts.
Blackfoot   100,000 10,820 4,000       72,675 49 ...         ...      600       4,500    729,968 61 265,564 10
Blood       140,900 15,000 18,000      8,147 49 ...          ...      500       8,000    7,721 75 198,269 24
Edmonton    51,027 1,347 15,900        ...       ...         2,190    10,040    4,250    25,725 62 110,479 62
Hobbema     47,316 4,164 9,022         1,515 00 ...          2,837    5,767     26,579   13,546 75 110,746 75
Lesser Slave
             21,998   1,605 24,430 ...            80,465     10,300 174,050 ...          17,034 72 250,222 37
Lake
Peigan      19,707    24,327 5,000 2,485 40 ...              ...      ...       ...      7,406 39 58,925 79
Saddle Lake 26,436    5,140 11,700 ...         ...           1,785    7,550     5,365    5,348 11 63,324 11
Sarcee      13,473    2,645 2,800 2,350 00 ...               ...      500       1,000    799 00     23,567 00
Stony       11,230    3,426 24,603 3,140 00 ...              ...      6,100     8,819    4,233 03 61,551 03
Total       432,087   68,474 115,455 90,313 38 804 65        17,112   205,107   58,513   154,783 98 1,142,650 01
BRITISH
            ...       ...     ...      ...        ...        ...      ...     

=== EXTRACT FROM HERE (pages 66-70) ===

TABLE No. 6. - SOURCES AND VALUE OF INCOME

                      Value
                      of
                                                                                     Annuities
            Value of Beef                                       Earned Earned by
                                       Received                                      paid and
            Farm      sold                      Received Earned by       other                   Total
                             Wages     from                                          Interest on
Agencies    Product, also of                    from     by     Hunting Industries               Income of
                             Earned    Land                                          Indian
            including that                      Timber Fishing and       and                     Indians
                                       Rentals                                       Trust
            Hay       used                                      Trapping Occupations
                                                                                     Funds
                      for
                      Food
ALBERTA     $         $      $         $ cts.    $ cts.      $        $         $        $ cts.     $ cts.
Blackfoot   100,000 10,820 4,000       72,675 49 ...         ...      600       4,500    729,968 61 265,564 10
Blood       140,900 15,000 18,000      8,147 49 ...          ...      500       8,000    7,721 75 198,269 24
Edmonton    51,027 1,347 15,900        ...       ...         2,190    10,040    4,250    25,725 62 110,479 62
Hobbema     47,316 4,164 9,022         1,515 00 ...          2,837    5,767     26,579   13,546 75 110,746 75
Lesser Slave
             21,998   1,605 24,430 ...            80,465     10,300 174,050 ...          17,034 72 250,222 37
Lake
Peigan      19,707    24,327 5,000 2,485 40 ...              ...      ...       ...      7,406 39 58,925 79
Saddle Lake 26,436    5,140 11,700 ...         ...           1,785    7,550     5,365    5,348 11 63,324 11
Sarcee      13,473    2,645 2,800 2,350 00 ...               ...      500       1,000    799 00     23,567 00
Stony       11,230    3,426 24,603 3,140 00 ...              ...      6,100     8,819    4,233 03 61,551 03
Total       432,087   68,474 115,455 90,313 38 804 65        17,112   205,107   58,513   154,783 98 1,142,650 01
BRITISH
            ...       ...     ...      ...        ...        ...      ...       ...      ...         ...
COLUMBIA
Babine      32,850    7,950 57,650 130 00         ...        21,300 78,900      29,100   341 69      228,221 69
Bella Coola 6,550     2,500 27,000 ...            280 00     108,000 30,700     41,000   505 97      216,535 97
Cowichan    48,375    2,900 134,100 1,953 15      5,091 52   26,100 1,375       5,400    3,936 88    229,231 55
Kamloops    73,500    ...    ...    3,595 50      3,677 29   ...     ...        ...      2,852 95    83,625 74
Kootenay    37,077    9,690 26,600 150 00         4,576 76   1,200 2,450        4,300    141 32      86,185 08
Kwawkewlth ...        ...    28,500 640 00        1,252 35   110,600 5,800      11,900   1,352 67    160,045 02
Lytton      41,980    11,605 91,700 533 00        1,705 70   950     4,600      10,100   1,530 95    164,704 65
New
            28,735    6,965 52,600 4,318 79 14,200 95 16,350 8,650              34,200   2,582 66    168,602 40
Westminster
Okanagan    88,500    15,500 34,250 786 00        578 23     350      4,100     3,750    979 43      148,793 66
Queen
            4,000     2,800 33,000 300 00         ...        38,000 300         9,000    95 77       87,495 77
Charlotte
Skeena River 28,100   600     42,700   525 00     545 30     163,000 58,000     46,050   3,310 20    342,830 50
Stikine      3,365    ...     41,879   ...        ...        11,525 109,232     10,586   ...         176,587 00
Stuart Lake 26,623    7,500   26,020   ...        103 67     15,860 10,695      5,750    2,140 03    94,691 70
Vancouver 3,500       200     31,000   9,306 50   8,691 04   27,250 8,100       22,700   12,545 07   123,292 61
West Coast 415        335     4,050    330 00     ...        48,608 18,776      34,231   97 24       106,842 24
Williams
             56,869   5,350 45,500 ...            106 00     ...      17,050    1,800    70 87       126,745 87
Lake

<!-- page 67 -->
Total        480,439   73,895 676,549 22,567 94 40,808 81 589,093 358,728   269,867   32,483 70   2,544,431 45
MANITOBA ...           ...    ...     ...       ...       ...     ...       ...       ...         ...
Birtle       25,824    515    8,475 365 00      ...       1,390 2,675       3,540     3,770 37    46,554 37
Clandeboye 12,550      1,750 19,800 544 00      2,009 56 14,500 24,650      6,700     14,009 02   96,512 58
Fisher River 23,395    7,091 25,350 200 00      33 75     18,200 2,970      18,750    9,088 22    105,077 97
Griswold     18,766    280    5,200 ...         ...       ...     1,400     1,350     2 81        26,998 81
Manitowapah 30,645     3,050 9,450 ...          ...       10,050 9,300      7,000     10,558 38   0,053 38
Norway
             5,110     400   21,000 ...        ...       17,000 114,000 14,200        13,520 00 185,230 00
House
Pas          15,400    2,260 51,000 170 00     3,812 05 18,500 118,000 ...            13,883 38 223,025 43
Portage la
             41,570    425   1,050    543 96   ...       ...     1,500      1,400     8,981 98    55,470 94
Prairie
Total        173,260 15,771 141,325 1,822 96 5,855 36 79,640 274,495 2,940            3,814 16    818,923 48

<!-- page 68 -->
                          Value
                          of
                          Beef                                                         Annuities
                Value of                                          Earned Earned by
                          sold           Received                                      paid and
                Farm                              Received Earned by       other                 Total
                          also Wages     from                                          Interest
Agencies        Product,                          from     by     Hunting Industries             Income of
                          of    Earned   Land                                          on Indian
                including                         Timber Fishing and       and                   Indians
                          that           Rentals                                       Trust
                Hay                                               Trapping Occupations
                          used                                                         Funds
                          for
                          Food
NEW
          ...            ...   ...       ...      ...      ...     ...     ...         ...       ...
BRUNSWICK
Northern
                2,000    250   13,50     ...      33 00    600     1,00    600         950 35    19,633 350
Division
Northeastern
                7,210    125   9,300     50 00    1,044 25 4,425   455     2,300       764 96    25,674 21
Division
Southwestern
                975      ...   13,000 ...         ...      150     1,200   2,575       57 09     17,957 09
Division
Total       10,185       375   35,800 50 00       1,077 25 5,175   3,335   5,475       1,772 40 63,264 65
NORTHWEST
            ...          ...   ...       ...      ...      ...     ...     ...         ...       ...
TERRITORIES
Fort Resolution ...      ...   ...       ...      ...      25,350 159,600 ...          ...       ...
NOVA
SCOTIA          303      ...   628       ...      ...      36      137     775         ...       1,879 00
Annapolis
Antigonish and
                810      100   1,750     2 00     ...      365     475     2,175       ...       5,677 00
Guysboro
Cape Breton
                2,100    300   1,500     ...      ...      500     300     500         ...       5,200 00
(Eskasoni)
Cape Breton
                ...      ...   12,000 ...         ...      ...     300     ...         ...       12,300 00
(Sydney)
Colchester      400      40    2,000     ...      ...      ...     250     3,000       ...       5,690 00
Cumberland      90       ...   1,850     ...      ...      ...     130     ...         ...       2,070 00
Digby           300      ...   2,000     ...      17 24    300     500     1,000       ...       4,117 24
Halifax         2,050    1,800 9,400     ...      ...      200     ...     6,800       ...       20,250 00
Hants (Indian
                304      15    425       ...      ...      ...     145     270         ...       1,159 00
Brook)
Hants
                400      50    4,000     ...      ...      200     2,500   400         ...       7,550 00
(Windsor)
Inverness       1,700    275   3,500     ...      ...      1,400   550     2,250       ...       9,675 00
Kings           300      ...   2,500     ...      34 00    75      400     350         ...       3,659 00
Lunenburg       900      100   1,100     ...      38 65    ...     300     1,200       3,63      8 65
Pictou          260      ...   2,200     ...      ...      50      600     5,000       ...       8,110 00
Queens          150      ...   2,500     100 00   ...      185     500     ...         ...       3,435 00
Richmond        1,500    50    550       ...      ...      200     15      60          ...       2,375 00

<!-- page 69 -->
Shelburne        150       ...   2,000    ...      ...     ...    350       400      ...       2,900 00
Victoria         2,500     120 8,200      ...      ...     350    400       1,365    ...       12,935 00
Yarmouth         ...       ...   2,000    ...      ...     ...    ...       2,000    ...       4,000 00
...              ...       ...   ...      ...      ...     ...    ...       ...      *1,588 69 1 588 69
Total            14,217    2,850 61,103   102 00 89 89     3,861 7,852      27,545   1,588 69 118,208 58
ONTARIO          ...       ...   ...      ...      ...     ...    ...       ...      ...       ...
Alnwick          6,350     450 8,795      2,125 50 ...     616    5,247     633      11,466 37 35,682 87
Cape Croker      9,500     2,500 9,500    240 00 400,00    5,000 200        2,750    21,679 26 51,769 26
Caradoc          71,425    5,000 77,000   3,671 00 48 50   ...    925       425      3,589 45 162,083 95
Chapleau         1,400     ...   5,00     ...      ...     ...    25,000    ...      12,024 00 43,424 00
Christian Island 4,260     300 3,600      ...      26 00   300    200       700      13,455 05 22,841 05
Fort Frances     8,050     120 35,000     1,335 00 174 00  34,500 46,200    5,950    8,222 40 139,551 40
Fort William     1,650     1,500 38,850   425 00 21,071 20 15,042 34,700    ...      11,021 76 124,259 96
Georgina
                 1,800     350   7,000    137 25   ...      100    ...      900      3,799 99 14,087 24
Island
Golden Lake      600       ...   2,500    144 00 ...        ...   4,000     100      16 87     7,360 87
Core Bay         6,419     ...   21,200   ...      586 00   20    100       300      10,021 36 38,646 36
Kenora           6,109     ...   63,305   260 00 29,074 51 62,045 53,750    66,020   17,822 46 298,385 97
Manitowaning     26,620    9,360 76,800   30 00    6,195 82 9,260 4,600     16,350   22,967 47 172,183 29
Moravian         8,500     1,500 7,000    360 00 ...        100   300       6,600    5,488 93 29,848 93
New Credit       11,656    2,800 22,000   3,677 00 ...      ...   300       2,500    4,988 57 47,921 57
Parry Sound      7,450     1,375 36,000   560 00 13,278 01 ...    1,125     ...      16,820 68 76,608 69
Rama             3,100     675 18,000     75 00    35 08    500   3,500     5,000    8,210 29 39,096 09
Rice Lake        17,150    4,500 20,500   540 00 ...        1,500 10,000    7,250    8,835 15 70,275 15
Sarnia           32,700    3,300 48,250   3,010 00 119 16   725   550       9,200    18,538 01 108,392 17
Saugeen          7,900     600 17,000     285 00 150 20     500   1,500     4,500    16,619 39 49,054 56
Sault Ste.
                 19,000    3,500 20,000 500 00     4,477 59 16,000 16,500   12,000   12,147 06 104,124 65
Marie
Savanne          3,410   ...     55,390 ...       ...       66,918 82,530   58,700   6,145 00 273,093 00
Scugog           ...     100     1,000 568 75 ...           60     800      1,000    1,096 58 4,625 33
Six Nations      204,000 ...     149,000 3,293 75 10 51     ...    1,300    42,000   40,357 18 439,961 44

[*In province of Nova Scotia.]

<!-- page 70 -->
TABLE No. 6. - SOURCES AND VALUE OF INCOME - Concluded

                            Value
                            of
                                                                                          Annuities
                  Value of Beef                                      Earned Earned by
                                          Received                                        paid and
                  Farm      sold                   Received Earned by         other
                                   Wages from                                             Interest on Total Income
Agencies          Product, also of                 from      by      Hunting Industries
                                   Earned Land                                            Indian      of Indians
                  including that                   Timber Fishing and         and
                                          Rentals                                         Trust
                  Hay       used                                     Trapping Occupations
                                                                                          Funds
                            for
                            Food
Sturgeon Falls    11,000 700       40,000 ...      23 20     2,300 20,000 15,000          60,841 61 149,864 81
Thessalon         9,550     38,000 ...    5000     4,502 40 1,100 6,100       6,950       6,505 40 72,757 80
Tyendinaga        90,500 2,500 45,000 8,097 00 ...           3,500 350        1,000       5,717 93 156,664 93
...               ...       ...    ...    152 15   ...       ...     ...      ...         ...         *152 15
Total             570,099 79,130 819,690 29,536 40 80,172 90 220,086 319,777 265,828      348,398 19 2,732,717 49
PRINCE EDWARD
               2,150       310     890     ...        ...       750   50        4,750      ...         8,900 00
ISLAND
QUEBEC            ...      ...     ...     ...        ...       ...   ...       ...        ...         ...
Bécancour         130      250     300     ...        ...       25    ...       99         377 20      1,181 20
Bersimis          1,100    400     5,000 710 00       24,335 80 ...   92,000    3,400      4,549 36    131,495 16
Cacouna           ...      ...     2,500 ...          863 50    50    200       1,500      475 28      5,588 78
Caugnawaga        35,000   3,000   150,000 8,031 54   ...       ...   ...       25,000     155 52      221,187 06
Jeune Lorette     ...      ...     33,000 ...         ...       ...   2,700     30,300     880 43      66,880 43
Maniwaki          8,666    295    31,133 578 00     3,845 33 156      30,285    2,075      3,407 03    80,440 36
Maria             487      40     7,500 ...         ...       200     150       ...        ...         8,377 00
Mingan            ...      ...    ...     ...       ...       726     811 00    ...        ...         8,826 00
Oka               7,500    2,000 ...      100 00    290 13    100     200       1,000      354 85      11,544 98
Pierreville       2,000    1,500 4,000 1,006 02 ...           ...     1,000     6,000      310 03      15,816 05
Pointe Bleue      18,500   3,000 22,000 401 00      38 00     1,000   75,000    3,000      670 50      123,609 50
Restigouche       11,500   400    8,000 215 00      742 39    150     100       600        312 37      22,019 76
Seven Islands     ...      ...    1,500 ...         ...       ...     32,000    1,500      ...         35,000 00
St. Regis         6,660    12,000 132,000 253 18    ...       4,000   4,250     23,800     3,352 34    186,255 52
Temiskaming       6,000    100    7,000 67 00       ...       100     30,000    1,500      2,134 25    46,901 25
Total             97,483   22,985 403,933 11,361 74 30,115 15 6,507   275,985   99,774     16,979 16   965,123 05
SASKATCHEWAN ...           ...    ...     ...       ...       ...     ...       ...        ...         ...
Assiniboine       17,470   929    1,574 ...         ...       ...     1,500     11,125     1,837 14    34,435 14
Battleford        36,925   6,280 55,600 2,818 00 ...          5,700   22,700    6,050      14,341 39   150,414 39
Carlton           58,904   15,426 8,775 30 00       700       890     15,000    11,375     22,740 25   133,147 25
Crooked Lakes     50,666   3,015 5,250 807 56       ...       ...     3,350     800        28,860 33   92,748 89
Duck Lake         56,790   8,035 11,200 ...         ...       800     10,200    13,500     8,452 42    108,977 42
File Hills Agency 13,200   1,800 1,400 ...          20 00     ...     3,000     4,000      {1,952 09   }25,372 09
File Hills Colony 31,000   2,400 3,500 ...          ...       ...     500       4,000      {           }41,400 00

