=== TABLE HEADER (the column definitions of this table, printed once at the start of the statement; use to name the columns) ===

TABLE No. 6. - SOURCES AND VALUE OF INCOME

             Value of    Value of             Received            Earned               Annuities
                                                                           Earned by
             Farm        Beef sold            from Land   Earned by                    paid and     Total
                                     Wages                                 other Indus
Agencies     Products,   also of              Rentals     by      Hunting              Interest on Income of
                                     Earned                                tries and
             including   that used            and from    Fishing and                  Indian Trust Indians
                                                                           Occupations
             Hay         for Food             Timber              Trapping             Funds
...          $           $           $        $           $       $        $           $            $
ALBERTA      ...         ...         ...      ...         ...     ...      ...         ...          ...
Blackfoot    205,951     8,900       10,000   89,567      ...     325      25,000      46,719 34 386,462 34
Blood        80,000      10,490      20,000   ...         ...     500      15,000      6,998 86     132,988 86
Edmonton     62,680      12,762      24,052   ...         1,125 8,350      8,032       25,284 26 142,275 26
Hobbema      46,922      3,076       307      ...         1,540 135        24,825      12,511 70 89,316 70
Lesser Slave
             32,830      ...         ...      ...         ...     ...      ...         13,500 00    45,330 00
Lake
Peigan      36,670       9,140       48,960 ...           ...     ...      ...         7,608 05     102,378 05
Saddle Lake 28,414       7,125       8,675 ...            1,475   4,575    5,323       4,160 26     59,747 26
Sarcee      10,935       1,975       2,000 12,290         ...     500      4,000       1,343 03     33,043 03
Stony       4,575        4,295       26,020 3,185         ...     11,930   14,590      3,756 03     68,351 03
Total       508,977      57,753      140,014 105,042      4,140   26,315   96,770      121,881 53   1,060,892 53
BRITISH
            ...          ...         ...      ...         ...     ...      ...         ...          ...
COLUMBIA
Babine      67,000       1,500       50,000   ...         11,000 21,000    34,500      154 92       185,154 92
Bella Coola 6,450        2,000       9,100  

=== EXTRACT FROM HERE (pages 90-94) ===

TABLE No. 6. - SOURCES AND VALUE OF INCOME

             Value of    Value of             Received            Earned               Annuities
                                                                           Earned by
             Farm        Beef sold            from Land   Earned by                    paid and     Total
                                     Wages                                 other Indus
Agencies     Products,   also of              Rentals     by      Hunting              Interest on Income of
                                     Earned                                tries and
             including   that used            and from    Fishing and                  Indian Trust Indians
                                                                           Occupations
             Hay         for Food             Timber              Trapping             Funds
...          $           $           $        $           $       $        $           $            $
ALBERTA      ...         ...         ...      ...         ...     ...      ...         ...          ...
Blackfoot    205,951     8,900       10,000   89,567      ...     325      25,000      46,719 34 386,462 34
Blood        80,000      10,490      20,000   ...         ...     500      15,000      6,998 86     132,988 86
Edmonton     62,680      12,762      24,052   ...         1,125 8,350      8,032       25,284 26 142,275 26
Hobbema      46,922      3,076       307      ...         1,540 135        24,825      12,511 70 89,316 70
Lesser Slave
             32,830      ...         ...      ...         ...     ...      ...         13,500 00    45,330 00
Lake
Peigan      36,670       9,140       48,960 ...           ...     ...      ...         7,608 05     102,378 05
Saddle Lake 28,414       7,125       8,675 ...            1,475   4,575    5,323       4,160 26     59,747 26
Sarcee      10,935       1,975       2,000 12,290         ...     500      4,000       1,343 03     33,043 03
Stony       4,575        4,295       26,020 3,185         ...     11,930   14,590      3,756 03     68,351 03
Total       508,977      57,753      140,014 105,042      4,140   26,315   96,770      121,881 53   1,060,892 53
BRITISH
            ...          ...         ...      ...         ...     ...      ...         ...          ...
COLUMBIA
Babine      67,000       1,500       50,000   ...         11,000 21,000    34,500      154 92       185,154 92
Bella Coola 6,450        2,000       9,100    3,260       106,000 48,500   50,000      17 03        225,327 03
Cowichan    47,200       4,530       97,900   ...         39,350 2,050     8,650       4,248 95     203,928 95
Kamloops    354,439      ...         ...      5,737       ...     ...      ...         1,242 09     361,418 09
Kootenay    37,427       14,850      37,400   ...         925     4,550    3,950       51 21        99,153 21
Kwawkewlth 890           ...         26,200   120         201,700 3,500    43,700      480 50       276,590 50
Lytton      42,200       14,400      71,500   5,050       ...     3,550    13,450      844 01       150,994 01
Nass River  14,750       495         19,500   ...         23,800 6,700     3,850       3,611 36     72,706 36
New
            36,100       3,400       68,800 19,855        44,950 19,550    49,950      8,454 04     251,059 04
Westminster
Okanagan     143,050     14,750      41,900 8,570         100     895      1,550       555 45       211,370 45
Queen
             3,000       2,000       17,000 500           35,000 1,800     14,000      52 20        73,352 20
Charlotte
Skeena River 22,500      ...         56,360   ...         139,370 27,897   33,880      ...          280,007 00
Stikine      1,990       ...         33,830   ...         9,550 49,470     14,505      ...          109,345 00
Stuart Lake 25,723       7,590       18,930   ...         15,190 25,950    5,530       2,219 53     101,132 53
West Coast 180           75          ...      115         104,500 170      6,315       80 90        111,444 90
Williams
             52,000      7,400       42,600 295           ...     18,350   9,250       30 04        129,925 04
Lake
Total    854,899         72,990      591,020 43,502       731,435 233,932 293,080      22,051 23    2,842,909 23
MANITOBA ...             ...         ...     ...          ...     ...     ...          ...          ...

<!-- page 91 -->
Birtle       41,340    1,900    5,110    340    575      2,760    4,295    4,102 95    60,422 95
Clandeboye 13,150      3,275    27,450   686    17,100   22,475   13,400   12,559 56   110,095 56
Fisher River 20,000    4,700    30,550   ...    15,950   11,600   13,000   7,944 13    103,744 13
Griswold     17,529    600      5,000    ...    400      3,100    2,300    2 68        28,931 68
Manitowapah 42,750     3,300    21,200   ...    10,150   4,400    5,600    9,478 62    96,878 62
Norway
             3,000     ...      40,000 ...      24,500 52,000     17,200   12,305 00   149,005 00
House
Pas          23,150    3,440    32,500 ...      12,500 57,000     3,000    13,892 57   145,482 57
Portage la
             51,419    500      6,500    ...    ...      650      2,500    9,014 15    70,583 15
Prairie
Total        212,338   17,715   168,310 1,026   81,175 153,985 61,295      69,299 66   765,143 66

<!-- page 92 -->
                           Value of                                                 Annuities
               Value of                       Received         Earned
                           Beef                                         Earned by paid and
               Farm                           from Land Earned by                               Total
                           sold also Wages                              other Indus Interest on
Agencies       Products,                      Rentals   by     Hunting                          Income of
                           of that   Earned                             tries and   Indian
               including                      and from Fishing and                              Indians
                           used for                                     Occupations Trust
               Hay                            Timber           Trapping
                           Food                                                     Funds
...       $                $         $        $         $      $        $           $           $
NEW
          ...              ...      ...       ...       ...     ...      ...         ...        ...
BRUNSWICK
Northern
               2,800       ...      3,900     3,300     60      125      1,600       597 79     12,382 79
Division
Northeastern
               6,000       260      13,000    2,020     3,000   1,000    3,800       1,549 49   30,629 49
Division
Southwestern
               1,100       ...      14,300    ...       200     1,325    2,475       43 37      19,443 37
Division
Total          9,900       260      31,200    5,320     3,260   2,450    7,875       2,190 65   62,455 65
NOVA
               ...         ...      ...       ...       ...     ...      ...         ...        ...
SCOTIA
Annapolis      200         ...      700       ...       ...     100      200         ...        1,200 00
Antigonish and
               800         100      3,200     ...       425     425      3,425       44 70      8,419 70
Guysboro
Cape Breton
               2,000       100      350       ...       250     200      200         ...        3,100 00
(Eskasoni)
Cape Breton
               ...         ...      15,000    ...       ...     ...      ...         19 08      15,019 08
(Sydney)
Colchester     500         ...      5,500     ...       ...     600      6,500      ...         13,100 00
Cumberland     200         ...      1,500     ...       ...     300      700        82 34       2,782 34
Digby          400         ...      2,300     ...       300     500      150        ...         3,650 00
Halifax        2,100       2,150    15,900    ...       100     ...      12,200     602 49      33,052 49
Hants          1,500       700      500       ...       100     1,000    2,000      56 59       5,856 59
Inverness      3,000       200      7,000     ...       2,000   1,500    1,000      ...         14,700 00
Kings          800         100      6,000     ...       100     1,000    750        ...         8,750 00
Lunenburg      3,000       1,000    4,000     ...       200     400      1,400      0 65        10,000 65
Pictou         1,200       ...      5,000     ...       2,000   2,000    5,000      ...         15,200 00
Queens         1,000       100      1,000     ...       200     100      500        161 67      3,061 67
Richmond       2,150       160      1,900     ...       165     25       380        ...         4,780 00
Shelburne      100         ...      700       ...       300     300      400        ...         1,800 00
Victoria       3,500       400      7,200     ...       800     500      7,000      40 01       19,440 01
Yarmouth       ...         ...      200       ...       100     ...      100        ...         400 00
Total          22,450      5,010    77,950    ...       7,040   8,950    41,905     1,007 53    164,312 53
ONTARIO        ...         ...      ...       ...       ...     ...      ...        ...         ...
Alnwick        3,750       100      6,100     2,350     100     3,350    400        7,755 48    23,905 48
Cape Croker    8,000       2,500    10,000    7,000     7,000   1,000    1,000      22,560 79   59,060 79

<!-- page 93 -->
Caradoc          39,025    2,700    101,500   10,730   ...      900      1,835     3,610 19 160,300 19
Chapleau         1,000     ...      5,000     ...      600      30,000   ...       12,968 00 49,568 00
Christian
                 2,250     300      4,000     ...      400      100      2,500     9,028 45    18,578 45
Island
Fort Frances     5,100     160      36,000    388      41,400 41,000     4,500     8,019 99 136,567 99
Fort William     1,700     1,500    38,000    155      9,000 30,000      ...       11,199 34 91,554 34
Georgina
                 3,200     700      7,500     300      450      300      600       1,649 99    14,699 99
Island
Golden Lake      1,000     600      4,000     05       ...      1,000    3,000     9 90        9,704 90
Gore Bay         15,975    325      29,500    6,000    40       54       3,700     10,094 76   65,688 76
Kenora           8,701     360      47,350    55       40,640   56,585   31,530    15,194 28   200,415 28
Manitowaning     63,180    20,495   284,000   4,165    10,595   11,500   25,050    22,529 73   441,514 73
Moravian         17,150    1,100    30,000    425      200      200      200       7,348 11    56,623 11
New Credit       26,519    3,300    28,000    425      100      475      3,300     5,510 67    67,629 67
Parry Sound      8,450     2,100    38,500    ...      ...      3,300    ...       12,123 12   64,473 12
Rama             9,520     ...      20,000    300      2,200    4,000    5,000     3,295 76    44,315 76
Rice Lake        16,435    5,750    19,000    800      1,600    8,500    5,750     3,063 62    60,898 62
Sarnia           43,920    4,700    54,750    3,600    1,100    1,200    9,400     14,734 85   133,404 85
Saugeen          7,000     800      20,000    6,000    1,000    1,200    3,500     17,502 84   57,002 84
Sault Ste.
                 15,700    2,000    16,000    ...      11,500 26,000     7,300     14,527 95 93,027 95
Marie
Savanne          3,174     ...      39,043    ...      39,940 82,958     10,614    5,905 00 181,634 00
Scugog           1,198     600      800       80       50     800        1,050     704 15    5,282 15
Six Nations      460,900   ...      175,000   5,100    ...    ...        ...       43,503 38 684,503 38
Sturgeon Falls   10,100    1,300    28,500    11,000   4,000 135,000     7,000     58,172 69 255,072 69
Thessalon        10,872    ...      40,500    9,500    1,320 11,500      1,220     6,528 05 81,440 05
Tyendinaga       100,000   4,500    48,000    9,123    3,000 1,500       1,000     6,142 85 173,265 85
Total            883,819   55,890   1,131,043 77,591   176,235 452,422   129,449   323,683 94 3,230,132 94

<!-- page 94 -->
                             Value
                                               Received                              Annuities
                   Value of of Beef                             Earned
                                               from                      Earned by paid and
                   Farm      sold                       Earned by                                Total
                                      Wages    Land                      other Indus Interest on
Agencies           Products, also of                    by      Hunting                          Income of
                                      Earned   Rentals                   tries and   Indian
                   including that                       Fishing and                              Indians
                                               and from                  Occupations Trust
                   Hay       used for                           Trapping
                                               Timber                                Funds
                             Food
...                $         $        $        $        $       $        $           $           $
PRINCE EDWARD
              3,000         500      1,500     ...      1,000   100      7,000       ...         13,100 00
ISLAND
QUEBEC            ...       ...      ...     ...        ...    ...       ...         ...         ...
Becancourt        1,500     80       500     ...        45     60        ...         385 75      2,570 75
Bersimis          700       150      1,350 2,500        500    40,000    25,000      3,149 07    73,349 07
Cacouna           ...       ...      2,400 ...          100    460       1,600       463 74      4,963 74
Caughnawaga       192,400   15,000   250,000 7,600      400    500       15,000      1,023 22    481,923 22
Jeune Lorette     ...       ...      30,000 ...         ...    1,500     23,000      875 77      55,375 77
Maniwaki          10,920    245      38,483 11,287      75     26,605    1,426       2,891 76    91,932 76
Maria             1,000     200      4,500 ...          500    700       2,000       ...         8,900 00
Mingan            ...       ...      100     ...        ...    8,000     ...         ...         8,100 00
Oka               8,000     2,000    20,000 ...         100    100       600         438 29      31,238 29
Pierreville       2,500     2,000    1,000 ...          ...    1,100     15,000      269 50      21,869 80
Pointe Bleue      15,000    3,000    12,000 ...         1,200 35,000     3,000       498 53      69,698 53
Restigouche       15,800    900      3,700 3,500        600    1,000     8,000       108 10      33,608 10
Seven Islands     ...       ...      1,000 ...          1,000 13,000     1,000       ...         16,000 00
St. Regis         65,000    15,000   83,000 750         3,550 2,500      15,000      3,330 95    188,130 95
Timiskaming       4,000     200      13,000 ...         200    3,000     100         2,098 33    22,598 33
Total             316,820   38,775   461,033 25,637     8,270 133,465    110,726     15,533 31   1,110,259 31
SASKATCHEWAN ...            ...      ...     ...        ...    ...       ...         ...         ...
Assiniboine       36,400    10,730   1,840 ...          ...    50        11,785      1,769 21    62,574 21
Battleford        77,275    8,068    19,175 17,180      6,000 7,150      3,200       11,710 36   149,758 36
Carlton           54,050    10,180   5,595 ...          1,505 9,670      14,430      16,279 77   111,709 77
Crooked Lake      131,236   7,063    17,640 ...         6,000 ...        ...         29,465 27   191,404 27
Duck Lake         80,207    18,568   15,453 ...         ...    4,071     33,379      8,066 07    159,744 07
File Hills Agency 13,500    3,700    450     ...        ...    400       3,500       1,705 00    23,255 00
File Hills Colony 30,000    4,500    1,000 ...          ...    ...       2,000       ...         37,500 00
Moose Mountain    22,783    3,200    800     1,600      300    1,600     4,000       3,180 00    37,463 00
Moose Woods       8,500     10,000   1,750 ...          ...    750       1,500       3,675 00    26,175 00
Onion Lake        36,065    12,200   17,300 715         9,200 14,400     6,900       4,973 60    101,753 60
Pelly             44,900    5,453    16,700 3,000       ...    9,700     2,700       11,818 28   94,271 28
Qu'Appelle        130,000   85,000   11,000 750         1,200 2,500      9,000       25,792 55   188,74255
Touchwood         100,000   17,000   16,000 3,500       10,000 42,000    20,000      10,992 80   219,492 80
Isle à la Crosse   ...      ...      ...       ...      ...     ...      ...         11,000 00 11,000 00

