=== TABLE HEADER (the column definitions of this census table, printed once at the start of the section; use to name the columns) ===

Census Statistics regarding the Eskimos of Canada.

<!-- page 44 -->
TABLE No. 2. - GRAIN, VEGETABLE AND ROOT PRODUCTION

                                                               Peas, Beans,
             Wheat            Oats              Other Grains                  Potatoes        Other Roots    Fodder           ...
                                                               Etc.
Agencies
             Acres   Bushels Acres     Bushels Acres Bushels Acres Bushels Acres Bushels Acres Bushels Hay          Hay       Other
             Sown    Harvested Sown    Harvested Sown Harvested Sown Harvest Sown Harvested Sown Harvest Cultivated Wild      Fodder
...          ...     ...       ...     ...       ...  ...       ...  ...     ...  ...       ...  ...     Tons       Tons      Tons
ALBERTA      ...     ...       ...     ...       ...  ...       ...  ...     ...  ...       ...  ...     ...        ...       ...
Blackfoot    4,552   50,090    1,631   13,800    15   ...       ...  ...     10   730       7    40      ...        582       948
Blood        7,548   89,508    1,370   3,497     ...  ...       ...  ...     30   5,000     2    100     ...        2,970     435
Edmonton     941     2,019     1,968   66,330    708 19,137     ...  ...     17   1,475     10   965     93         1,116     434
Hobbema      768     11,017    3,138   45,082    506 3,136      ...  ...     62   5,386     23   1,599 684          4,019     1,050
Lesser Slave
             30      400      602      2,940    ...   ...      ...   ...      91    6,185     15    1,245    ...      1,946 594
Lake
Peigan      1,398 12,005      ...    ...        ...   ...      ...   ...      5     500       5     600      ...      700    47
Saddle Lake 612    11,327     916    25,476     2     40       ...   ...      20    1,797     12    176      ...      3,720 24
Scarcee     ...    ...        578    12,085     ...   ...      ...   ...      10    440       5     115      ...      264    301
Stony       ...    ...        ...    ...        ...   ...      ...   ...      10    250       10    300      600      1,100 ...
Total       15,849 198,366    10,203 169,210    1,231 22,313   ...   ...      255   21,763    89    5,140    1,377    16,417 3,833
BRITISH
            ...    ...        ...      ...      ...   ...      ...   ...      ...   ...       ...   ...      ...      ...     ...
COLUMBIA
Babine      ...      ...      96       265      ...   ...      ...   ...      132   18,340    54    7,800    9

=== CONTEXT (do NOT extract rows from this part; use only to identify the section headers in effect) ===
 13,350    26,695    84,030 16,150 17,190      1,194,006 ...             1,100     1,100
Lake
Total    14,300,550 457,275 1,731,313 472,468           500,098   860,280 729,206 525,845   19,577,035 34,280         67,025    101,305
MANITOBA ...        ...     ...       ...               ...       ...     ...     ...       ...        ...            ...       ...

<!-- page 66 -->
Birtle       497,911   1,925   25,275    2,850    19,110    29,875   3,605    3,475    .584,026   800     1,395    2,195
Clandeboye 291,285     5,440   159,800   7,900    7,110     24,320   11,400   21,850   529,105    450     5,000    5,450
Fisher River 848,046   8,075   41,270    11,800   16,675    43,243   9,967    10,830   989,906    ...     ...      ...
Griswold     216,636   1,135   16,730    6,150    29,600    24,200   2,660    5,645    302,756    ...     175      175
Manitowapah 444,601    2,270   45,400    26,800   14,900    67,085   14,500   12,375   627,931    ...     14,200   14,200
Norway
             129,420   605     44,700    7,800    1,530     15,000 50,400 14,600       264,055    ...     5,300    5,300
House
Pas          266,050   4,180   43,600    13,600   5,050     20,320 68,300 20,500       441,600    3,520   3,500    7,020
Portage la
             354,040   4,300   17,000    14,300   19,800    21,050 1,700      4,300    436,490    1,100   4,750    5,850
Prairie
Total        3,047,989 27,930 393,775    91,200   113,775   245,093 162,532 93,575     4,175,869 5,870    34,320   40,190



=== EXTRACT FROM HERE (pages 67-74) ===
<!-- page 67 -->
                                            Value of                                                  Progress During the Year 1924
                                                                 Value                     Total
                 Total    Value             Public    Value of           Value
                                  Value of                       of Live         Value of Value of                           Total
                 Value of of                Buildings Implements         of                           Value of New Value of
Agencies                          Private                        Stock           Household Real and                          Increase
                 Lands in Private           Property and                 General                      Land         Buildings
                                  Buildings                      and             Effects   Personal                          in
                 Reserves Fencing           of the    Vehicles           Effects                      Improvements Erected
                                                                 Poultry                   Effects                           Value
                                            Band
NEW
          $               $       $         $        $          $       $       $          $          $             $         $
BRUNSWICK
Northern
                 19,060   130     11,500    31,200   1,500      1,800   525     3,750      69,465     150           500       650
Division
Northeastern
                 45,048   2,328   28,911    35,682   5,244      4,310   6,000   16,490     144,013    ...           512       512
Division
Southwestern
                 6,600    470     11,430    16,000   500        400     1,240   1,675      38,315     ...           975       075
Division
Total       70,708        2,928   51,841,   82,882   7,244      6,510   7,765   21,915     251,793    150           1,987     2,137
NORTHWEST
            ...           ...     ...       ...      ...        ...     ...     ...        ...        ...           ...       ...
TERRITORIES
Fort Resolution ...       ...     20,000    ...      ...        57,750 13,000 12,750       103,500    ...           ...       ...
NOVA
                ...       ...     ...       ...      ...        ...     ...     ...        ...        ...           ...       ...
SCOTIA
Annapolis      1,200      20      1,800     ...      100        100     360     200        3,780      20            50        70
Antigonish and
               6,000      975     2,950     3,000    475        765     320     515        15,000     ...           200       200
Guysboro
Cape Breton
                 14,000   640     8,000     ...      1,500      1,700   1,200   700        27,740     150           75        225
(Eskasoni)
Cape Breton
                 8,000    ...     15,000    2,500    25         50      500     1,500      27,575     8,000         12,000    20,000
(Sydney)
Colchester       3,000    200     6,400     1,000    500        400     400     550        12,450     ...           400       400
Cumberland       1,000    20      945       100      100        150     275     240        2,830      ...           ...       ...
Digby            1,800    60      2,500     2,000    ...        ...     300     3,500      10,160     ...           ...       ...
Halifax          3,900    1,095   4,050     ...      710        1,750   1,550   2,250      15,305     ...           ...       ...
Hants (Indian
                 5,550    140     890       2,800    130        500     156     380        10,546     ...           ...       ...
Brook)
Hants
                 10,500   ...     2,000     ...      200        400     400     800        14,300     ...           ...       ...
(Windsor)
Inverness        27,000   1,100   16,400    4,700    575        2,550   750     860        53,935     50            250      300
Kings            5,000    150     1,400     ...      150        350     400     450        7,900      ...           50       50
Lunenburg        3,000    320     2,500     200      130        400     500     1,000      8,050      ...           ...      ...
Pictou           1,500    50      9,600     8,450    400        130     785     1,800      22,715     ...           150      150
Queens           3,500    100     2,250     ...      140        260     100     1,000      7,350      ...           ...      ...
Richmond         7,000    250     3,500     12,000   1,000      2,000   1,000   800        27,550     ...           800      800
Shelburne        ...      ...     1,500     ...      350        60      450     400        2,760      ...           ...      ...
Victoria         7,960    230     2,100     2,210    450        1,200   750     400        15,300     25            65       90
Yarmouth         500      ...     ...       1,000    ...        ...     400     300        2,200      ...           ...      ...

<!-- page 68 -->
Total            110,410   5,350    83,785    39,960   6,935     12,765   10,596   17,645   287,446    8,245   14,040   22,285
ONTARIO          ...       ...      ...       ...      ...       ...      ...      ...      ...        ...     ...      ...
Alnwick          75,000    5,300    34,000    8,500    3,600     6,000    2,575    15,575   150,550    25      1,200    1,225
Cape Croker      150,000   7,750    69,000    35,250   15,400    30,500   8,000    9,500    325,400    ...     ...      ...
Caradoc          150,350   13,850   118,300   35,000   28,000    37,375   2,575    34,500   419,950    ...     5,650    5,650
Chapleau         18,400    350      30,000    800      ...       ...      ...      5,000    54,550     ...     ...      ...
Christian Island 35,500    1,700    8,300     7,000    3,200     7,100    2,000    3,000    67,800     100     2,000    2,100
Fort Frances     216,602   1,200    28,400    8,300    16,740    6,700    7,480    9,420    294,842    4,000   1,200    5,200
Fort William     182,460   600      31,500    6,300    2,071     7,220    9,281    8,000    247,432    ...     4,500    4,500
Georgina
                 32,150    500      8,500     13,000   1,500     3,000    8,000    1,700    68,350     ...     800      800
Island
Golden Lake     3,000      700    4,000       3,100    800       1,500 3,000 3,000          19,100     ...     ...      ...
Gore Bay        80,000     15,200 30,000      22,700   8,750     17,175 7,200 16,200        197,225    ...     260      260
Kenora          126,525    600    48,820      525      6,550     7,365 34,700 24,710        249,795    ...     ...      ...
Manitowaning 247,000       21,545   69,225    33,100   43,650    35,597   18,295   42,785   511,197    305     650      955
Moravian        75,200     5,000    25,000    7,500    10,000    10,000   22,000   2,000    156,700    500     ...      500
New Credit      225,000    11,400   50,300    9,000    13,100    19,860   1,000    15,000   344,660    520     425      945
Parry Sound     12,200     950      20,900    17,300   7,980     13,500   7,621    16,000   96,451     ...     4,000    4,000
Rama            50,000     4,100    28,250    13,200   2,500     3,500    2,000    7,500    111,050    ...     2,250    2,250
Rice Lake       115,000    4,000    58,000    13,000   8,500     20,000   7,800    13,200   239,500    ...     ...      ...
Sarnia          630,450    15,500   105,500   43,500   26,300    26,000   6,400    31,000   884,650    125     7,400    7,525
Saugeen         80,000     2,200    25,900    30,000   5,500     18,300   3,050    4,500    169,450    1,400   1,000    2,400
Sault Ste Marie 54,900     2,825    27,000    33,000   7,175     17,100   10,875   13,900   166,775    ...     ...      ...
Savanne         102,127 555       13,975      25       4,740     784     44,255 29,175      195,636 ...        ...      ...
Scugog          60,000    2,000 2,000         500      400       600     300    950         66,750    ...      ...      ...
Six Nations     1,092,400 436,960 676,000     62,000   290,200   269,000 4,600 75,400       2,906,560 ...      ...      ...

<!-- page 69 -->
                                                Value of                                                 Progress During the Year 1924
                                                                     Value                     Total
                    Total     Value             Public    Value of           Value
                                      Value of                       of Live         Value of Value of                            Total
                    Value of of                 Buildings Implements         of
Agencies                              Private                        Stock           Household Real and Value of New Value of Increase
                    Lands in Private            Property and                 General
                                      Buildings                      and             Effects   Personal Land           Buildings
                                                                                                                                  in
                    Reserves Fencing            of the    Vehicles           Effects                     Improvements  Erected
                                                                     Poultry                   Effects                            Value
                                                Band
...                 $         $       $         $         $          $       $       $         $         $             $          $
Sturgeon Falls      242,290 2,350 51,200        12,500    5,300      17,600 23,000 43,000      397,240 100             1,000      1,000
Thessalon           129,064 9,705 14,500        10,000    5,625      10,900 12,633 8,463       200,890 100             ...        100
Tyendinaga          645,300 134,825 105,000 44,800        42,800     80,000 2,645 55,800       1,111,170 ...           5,000      5,000
Total               4,830,918 701,665 1,683,570 469,900 560,381      666,676 251,285 489,278   9,653,673 7,175         37,335     44,510
PRINCE EDWARD
               20,000        1,750     10,000    10,000    1,100     2,300    3,115    3,200    51,465   ...          ...       ...
ISLAND
QUEBEC        ...       ...            ...       ...       ...       ...     ...     ...        ...       ...         ...       ...
Béancour      5,600     460            1,500     ...       180       768     200     300        9,008     ...         ...       ...
Bersimis      51,000    675            53,500    33,000    800       3,300 8,700 14,000         164,975 ...           800       800
Cacouna       6000      ...            3,000     ...       700       399     ...     1,515      11,614    ...         474       474
Caughnawaga   750,000 8000             450,000   75,000    30,000    60,000 20,000 100,000      1,493,000 500         1,000     1,500
Jeune Lorette 30,000    500            51,000    31,000    3,600     1,500 1,500 18,000         137,100 650           6,000     6,650
Maniwaki      35,245    4,470          22,785    2,095     11,440    12,070 6,710 13,090        107,905 360           2,425     2,785
Maria         20,000    560            2,500     2,000     200       325     700     1,500      27,785    250         300       550
Mingan        ...       ...            3,000     1,500     ...       ...     7,000 1,800        13,300    ...         ...       ...
Oka           ...       3,000          20,000    3,000     4,000     9,000 ...       5,000      44,000    400         3,000     3,400
Pierreville   35,000    1,000          61,500    2,500     1,200     3,000 2,000 16,000         122,200 250           ...       250
Pointe Bleue  41,000    6,000          40,000    6,000     17,500    13,500 15,000 15,000       154,000 1,000         5,000     6,000
Restigouche   173,000 12,100           56,000    ...       15,000    10,000 18,000 17,000       301,100 ...           ...       ...
Seven Islands 1,500     ...            8,800     4,000     ...       ...     6,000 12,000       32,300    ...         ...       ...
St. Regis     256,000 2,000            110,000   15,000    13,950    38,000 10,000 39,000       483,950 ...           ...       ...
Timiskaming   35,000    1,670          8,500     1,750     2,500     4,600 8,500 3,500          66,020    ...         ...       ...
Total         1,439,345 40,435         892,085   176,845   101,070   156,462 104,310 257,705    3,168,257 3,410       18,999    22,409
SASKATCHEWAN ...        ...            ...       ...       ...       ...     ...     ...        ...       ...         ...       ...
Assiniboine   427,533 5,188            20,264    3,923     22,493    37,606 743      10,080     527,830 75            1,900     1,975
Battleford    3,234,793 32,900         75,700    4,900     82,400    74,300 17,600 19,800       3,542,393 4,000       4,400     8,400
Carlton       1,545,224 12,907         67,796    32,650    29,496    73,820 7,300 9,411         1,778,604 2,180       978       3,158
Crooked Lakes       1,086,662 34,200   56,200    ...       57,900    39,055   4,850    14,350   1,293,217 1,252       245       1,497
Duck Lake           1,769,725 21,400   35,870    18,000    33,900    86,990   7,050    24,550   1,997,485 4,830       1,700     6,530
File Hills Agency   525,000 4,000      9,000     300       5,300     12,500   1,150    3,200    560,450 225           ...       225
File Hills Colony   400,000 600        50,000    12,000    21,000    26,500   700      9,000    519,800 70            ...       70
Isle à la Crosse    150,460 330        14,852    300       373       ...      29,986   4,465    200,766 ...           400       400
Moose Mountain      250,800 2,500      9,500     3,500     9,500     15,000   2,200    1,500    294,500 250           600       850
Moose Woods         62,495    6,990    5,850     2,500     6,000     24,450   2,500    10,250   121,035 110           150       260

<!-- page 70 -->
Onion Lake   2,191,740 13,700 46,980   4,200   31,405   75,670 9,810   15,500   2,389,005 880   1,200   2,080

<!-- page 71 -->
                                          Value of                                                          Progress During the Year 1924
                                                               Value of                       Total
              Total                       Public    Value of
                        Value of Value of                      Live         Value of Value of Value of                             Total
              Value of                    Buildings Implements                                              Value of New Value of
Agencies                Private  Private                       Stock        General Household Real and                             Increase
              Lands in                    Property and                                                      Land         Buildings
                        Fencing Buildings                      and          Effects  Effects  Personal                             in
              Reserves                    of the    Vehicles                                                Improvements Erected
                                                               Poultry                        Effects                              Value
                                          Band
...           $         $        $        $         $          $            $         $         $           $             $         $
Pelly         669,824   4,300    27,000   3,000     22,700     42,945       5,500     13,000    789,169     1,350         ...       1,350
Qu'Appelle    952,605   13,140   42,225   30,400    46,685     55,825       4,595     11,800    1,157,275   2,765         4,625     7,390
Touchwood     1,254,318 18,400   32,360   ...       18,300     58,300       18,200    17,500    1,417,378   1,705         2,475     4,180
Wood
Mountain   15,840     25          1,200     100       1,200       3,600     350       875       23,190      ...           ...       ...
Reserve
Total      14,537,019 170,580     494,797   116,673   388,652     626,561   112,534   165,281   16,612,097 19,692         18,673    38,365
RECAPITULATION
PROVINCES ...         ...         ...       ...       ...         ...       ...       ...       ...        ...            ...       ...
Alberta    18,170,092 137,692     654,267   156,945   473,139     757,269   138,262   143,828   20,631,494 25,152         34,665    59,817
British
           14,300,550 457,275     1,731,313 472,468   500,098     860,280   729,206   525,845   19,577,035 34,280         67,025    101,305
Columbia
Manitoba      3,047,989 27,930    393,775   91,200    113,775     245,093   162,532   93,575    4,175,869 5,870           34,320    40,190
New
              70,708    2,928     51,841    82,882    7,244       6,510     7,765     21,915    251,793     150           1,987     2,137
Brunswick
Northwest
              ...       ...       20,000    ...       ...         57,750    13,000    12,750    103,500     ...           ...       ...
Territories
Nova Scotia, 110,410   5,350      83,785    39,960    6,935       12,765    10,596    17,645    287,446   8,245           14,040    22,285
Ontario      4,830,918 701,665    1,683,570 469,900   560,381     666,676   251,285   489,278   9,653,673 7,175           37,335    44,510
Prince
Edward       20,000     1,750     10,000    10,000    1,100       2,300     3,115     3,200     51,465      ...           ...       ...
Island
Quebec       1,439,345 40,435     892,085 176,845 101,070         156,462 104,310 257,705       3,168,257 3,410           18,999    22,409
Saskatchewan 14,537,019 170,580 494,797 116,673 388,652           626,561 112,534 165,281       16,612,097 19,692         18,673    38,365
Total        56,527,031 1,545,605 6,015,433 1,616,873 2,152,394   3,391,666 1,532,605 1,731,022 74,512,629 103,974        227,044   331,018

<!-- page 72 -->
TABLE No. 6. - SOURCES AND VALUE OF INCOME

                      Value
                      of
                                                                                     Annuities
            Value of Best                                       Earned Earned by
                                       Received                                      paid and
            Farm      sold                      Received Earned by       other                   Total
                              Wages    from                                          Interest on
Agencies    Products, also of                   from     by     Hunting Industries               Income of
                              Earned   Land                                          Indian
            including that                      Timber Fishing and       and                     Indians
                                       Rentals                                       Trust
            Hay       used                                      Trapping Occupations
                                                                                     Funds
                      for
                      Food
ALBERTA     $         $       $        $ cts.    $ cts.    $         $         $        $ cts.      $ cts.
Blackfoot   120,150 9,370 5,000        46,977 10 ...       ...       ...       12,000   63,822 34   257,328 44
Blood       100,000 12,580 20,000      16,075 51 ...       ...       750       12,000   7,761 15    169,166 66
Edmonton    65,348 1,396 18,930        64 00     ...       1,750     6,050     4,450    25,519 07   123,507 07
Hobbema     52,008 3,477 14,847        1,229 93 ...        3,286     4,232     12,784   13,553 47   105,417 40
Lesser Slave
             20,700   1,310 33,585 ...            ...      8,075     337,155 ...        17,215 45, 418,040 45
Lake
Peigan      19,994    14,474 9,000 2,540 60 ...            ...       442       ...      7,343 47 53,794 07
Saddle Lake 37,581    ...    10,760 ...        31 00       1,830     8,200     5,305    4,386 68 68,093 68
Sarcee      12,825    1,738 2,600 4,762 50 ...             ...       400       4,000    822 59     27,148 09
Stony       9,725     961    34,522 3,186 40 ...           ...       8,312     8,990    4,340 22 70,036 62
Total       438,331   45,315 149,244 74,836 04 31 00       14,941    365,541   59,529   144,764 44 1,292,532 48
BRITISH
            ...       ...     ...      ...        ...      ...       ...       ...      ...         ...
COLUMBIA
Babine      32,450    6,500 47,600 ...            ...       16,100   75,300    25,400   288 57      203,638 57
Bella Coola 6,350     2,200 22,000 ...            1,455 08 93,000    31,500    47,000   449 36      203,954 44
Cowichan    50,200    3,350 127,500 2,026 57      12,449 31 24,450   1,025     7,250    3 830 60    232,081 48
Kamloops    242,211   ...    ...    1,628 20      11,564 85 ...      3 000     ...      2,650 97    261,055 02
Kootenay    43,617    9,175 28,800 ...            1,810 40 1,140     2,425     4,350    130 49      91,447 89
Kwawkewlth ...        ...    21,700 590 00        415 01    85,800   5,600     18,550   1,309 30    133,964 31
Lytton      48,800    12,005 91,700 ...           3,275 23 1,100     5,080     13,700   4,310 97    179,971 20
New
            28,735    6,965 50,600 4,626 99 16,932 48 16,350 7,650             2,000    2,192 28    136,051 75
Westminster
Okanagan    74,500    15,750 32,500 ...           707 35   400       ...       2,550    943 08      127,350 43
Queen
            8,000     2,800 27,000 ...            ...      26,000 700          9,000    118 51      73,618 51
Charlotte
Skeena River 32,500   550     60,000   ...        738 27    145,000 64,500     52,000   3,362 89    358,701 16
Stikine      3,125    ...     39,980   ...        ...       13,508 111,101     39,778   ...         207,492 00
Stuart Lake 26,623    7,500   26,020   ...        36 39     17,620 32,160      4,490    2,113 38    116,562 77
Vancouver 3,500       200     31,000   9,080 35   22,524 94 27,250 8,100       22,700   12,545 96   136,910 25
West Coast 408        ...     8,300    12 00      190 89    43,944 30,835      37,615   89 44       121,394 33
Williams
             51,860   5,250 38,500 ...            146 00   ...       22,550    ...      65 24       118,371 24
Lake

<!-- page 73 -->
Total        652,929   72,245 653,200 17,973 11 72,246 20 511,662 401,526   286,383   34,401 04   2,702,565 35
MANITOBA ...           ...    ...     ...       ...       ...     ...       ...       ...         ...
Birtle       24,931    625    7,400 173 20      16 30     870     1,991     3,519     3,837 19    43,362 69
Clandeboye 22,850      1,650 17,100 3,152 00 311 00       12,500 24,550     6,800     13,237 63   102,150 03
Fisher River 36,597    4,196 25,850 150 00      ...       11,550 7,315      19,730    8,818 05    114,206 05
Griswold     27,690    85     5,000 ...         ...       ...     1,600     1,340     3 33        35,718 33
Manitowapah 31,070     3,625 15,950 ...         ...       9,000 10,555      8,450     10,489 16   89,139 16
Norway
             5,600     350   21,000 25 00      ...       17,000 145,000 14,200        13,170 00 216,345 00
House
Pas          11,520    2,280 46,000 155 00     647 80    21,500 120,000 ...           13,789 18, 215,891 98
Portage la
             46,000    300   1,150    446 70   ...       ...     1,250      1,650     8,927 91    59,724 61
Prairie
Total        206,258 13,111 139,450 4,101 90 975 10      72,420 312,261 55,689        72,272 45 876,538 45

<!-- page 74 -->
                          Value
                          of
                                                                                         Annuities
                Value of Best                                       Earned Earned by
                                           Received                                      paid and
                Farm      sold                      Received Earned by       other                 Total
                                  Wages    from                                          Interest
Agencies        Products, also of                   from     by     Hunting Industries             Income of
                                  Earned   Land                                          on Indian
                including that                      Timber Fishing and       and                   Indians
                                           Rentals                                       Trust
                Hay       used                                      Trapping Occupations
                                                                                         Funds
                          for
                          Food
NEW
          $              $       $         $ cts.   $ cts.   $       $       $           $ cts.    $ cts.
BRUNSWICK
Northern
                2,000    ...     13,500 ...         ...      500     2,500   ...         960 75    19,460 75
Division
Northeastern
                7,210    135     9,300     100 00   292 13   4,425   455     2,300       733 25    24,950 38
Division
Southwestern
             1,005       ...     12,800 ...         42 50    150     1,200   2,575       54 83     17,827 33
Division
Total           10,215   135     35,600 100 00      334 63   5,075   4,155   4,875       1,748 83 62,238 46
NOVA
                ...      ...     ...       ...      ...      ...     ...     ...         ...       ...
SCOTIA
Annapolis    250         ...     575       ...      ...      40      150     780         768 45    2,563 45
Antigonish
             850         70      2,100     75 50    ...      455     470     2,050       26 11     6,096 61
and Guysboro
Cape Breton
                2,200    350     950       ...      ...      200     150     900         16 31     4,766 31
(Eskasoni)
Cape Breton
                ...      ...     12,000 ...         ...      ...     300     ...         ...       12,300 00
(Sydney)
Colchester      325      ...     2,000     ...      ...      ...     250     3,000       172,34    5,747 34
Cumberland      200      ...     2,050     ...      ...      ...     130     875         83 37     3,338 37
Digby           300      ...     2,000     ...      12 00    300     600     1,000       5 85      4,217 85
Halifax         2,055    2,025   8,600     ...      ...      200     ...     5,100       363 61    18,343 61
Hants (Indian
                351      15      190       ...      ...      ...     320     240         59 63     1,175 63
Brook)
Hants
                300      ...     4,000     ...      174 36   200     2,000   400         ...       7,074 36
(Windsor)
Inverness       1,700    230     3,500     ...      ...      1,400   1,000   2,300       ...       10,130 00
Kings           300      40      2,700     ...      91 56    75      400     350         ...       3,956 56
Lunenburg       900      100     1,100     ...      ...      ...     300     1,200       3 98      3,603 98
Pictou          347      ...     2,300     ...      ...      100     800     4,300       ...       7,847 00
Queens          140      ...     2,400     100 00   ...      200     200     ...         153 36    3,193 36
Richmond        1,590    50      650       ...      ...      200     20      80          1 06      2,591 06
Shelburne       100      ...     1,500     ...      ...      ...     350     500         ...       2,450 00
Victoria        1,640    50      3,385     ...      ...      360     275     1,550       26 62     7,286
Yarmouth        ...      ...     400       ...      ...      ...     50      1,000       ...       1,450 00

