=== TABLE HEADER (the column definitions of this table, printed once at the start of the statement; use to name the columns) ===

TABLE NO. 6. - SOURCES AND VALUE OF INCOME

                         Value
                         of Beef                                                         Annuities
               Value of                                             Earned Earned by
                         sold              Received                                      paid and
               Farm                                 Received Earned by       other                   Total
                         also of Wages     from                                          Interest on
Agencies       Products,                            from     by     Hunting Industries               Income of
                         that    Earned    Land                                          Indian
               including                            Timber Fishing and       and                     Indians
                         used              Rentals                                       Trust
               Hay                                                  Trapping Occupations
                         for                                                             Funds
                         Food

               $         $        $        $ cts.     $ cts.     $       $         $        $ cts.      $ cts.
ALBERTA
Blackfoot      155,000   18,450   4,000    41,954 77 ...         ...     200       6,000    87,109 87   312,714 64
Blood          89,215    27,225   15,000   18,352 15 ...         ...     1,500     6,000    7,332 34    164,624 49
Edmonton       66,886    3,906    20,630   ...       334 08      2,110   12,947    5,630    25,164 39   137,607 47
Hobbema        71,440    5,480    8,952    757 50    ...         1,530   3,166     20,670   14,541 83   126,537 33
Lesser Slave
               33,906    1,500    22,270 ...          ...        11,865 70,685     1,930    17,318 67 159,474 67
Lake
Peigan      23,101       31,235 6,000 1,390 60 ...               ...     ...       ...      7,256 86 68,983 46
Saddle Lake 44,774       4,870 11,370 ...          ...           1,790 7,050       5,275    5,796 95 80,925 95
Sarcee      10,867       3,272 4,286 2,832 50 ...                ...     500       1,000    835 37     23,592 87
Stony       14,200       5,986 24,548 3,153 00 ...               ...     8,790     10,020   4,580 05 71,277 05
Total       509,389      101,924 117,056 68,440 52 334 08        17, 295 104,838   56,25    169,936 33 1,145,737 93

BRITISH     ...          ...      .

=== EXTRACT FROM HERE (pages 72-76) ===

TABLE NO. 6. - SOURCES AND VALUE OF INCOME

                         Value
                         of Beef                                                         Annuities
               Value of                                             Earned Earned by
                         sold              Received                                      paid and
               Farm                                 Received Earned by       other                   Total
                         also of Wages     from                                          Interest on
Agencies       Products,                            from     by     Hunting Industries               Income of
                         that    Earned    Land                                          Indian
               including                            Timber Fishing and       and                     Indians
                         used              Rentals                                       Trust
               Hay                                                  Trapping Occupations
                         for                                                             Funds
                         Food

               $         $        $        $ cts.     $ cts.     $       $         $        $ cts.      $ cts.
ALBERTA
Blackfoot      155,000   18,450   4,000    41,954 77 ...         ...     200       6,000    87,109 87   312,714 64
Blood          89,215    27,225   15,000   18,352 15 ...         ...     1,500     6,000    7,332 34    164,624 49
Edmonton       66,886    3,906    20,630   ...       334 08      2,110   12,947    5,630    25,164 39   137,607 47
Hobbema        71,440    5,480    8,952    757 50    ...         1,530   3,166     20,670   14,541 83   126,537 33
Lesser Slave
               33,906    1,500    22,270 ...          ...        11,865 70,685     1,930    17,318 67 159,474 67
Lake
Peigan      23,101       31,235 6,000 1,390 60 ...               ...     ...       ...      7,256 86 68,983 46
Saddle Lake 44,774       4,870 11,370 ...          ...           1,790 7,050       5,275    5,796 95 80,925 95
Sarcee      10,867       3,272 4,286 2,832 50 ...                ...     500       1,000    835 37     23,592 87
Stony       14,200       5,986 24,548 3,153 00 ...               ...     8,790     10,020   4,580 05 71,277 05
Total       509,389      101,924 117,056 68,440 52 334 08        17, 295 104,838   56,25    169,936 33 1,145,737 93

BRITISH     ...          ...      ...      ...        ...        ...     ...       ...      ...         ...
COLUMBIA
Babine      31,200       7,550    54,680 120 00       ...        16,450 69,900     31,950   425 02      212,275 02
Bella Coola 8,050        3,700    25,000 100 00       ...        102,000 26,000    10,000   180 85      175,030 85
Cowichan    48,425       2,800    137,400 2,505 10    6,823 19   27,150 1,750      3,100    3,887 53    233,840 82
Kamloops    73,500       ...      ...     3,192 00    517 02     ...     ...       ...      3,914 26    81,123 28
Kootenay    30,547       12,500   24,900 200 00       7,979 57   1,250 4,050       3,850    304 33      85,580 90
Kwawkewlth ...           ...      16,650 900 00       513 53     50,100 5,050      7,300    1,361 82    81,875 35
Lytton      42,260       12,385   92,700 892 00       367 36     950     4,600     10,100   1,377 32    165,631 68
New
            28,735       6,965    52,600 2,353 30 25,728 56 16,350 8,650           34,200   2,861 65    178,443 51
Westminster
Okanagan       77,000    20,550 40,000 450 00         1,837 47 550       7,500     5,250    952 03      154,089 50
Queen
               575       500      14,000 ...          ...        13,000 2,200      6,000    109 65      36,384 65
Charlotte
Skeena River 27,250      500      42,700   150 00     411 97     116,500 50,700    43,250   3,267 99    284,729 96
Stikine      3,365       ...      35,957   ...        ...        11,525 81,924     10,586   ...         143,357 00
Stuart Lake 26,165       6,950    25,610   ...        79 76      14,330 13,050     5,010    2,178 14    93,372 90
Vancouver    4,600       330      31,000   9,503 35   2,365 98   35,500 10,650     24,200   12,836 95   130,986 28
West Coast 769           690      5,525    170 00     ...        46,720 19,985     32,590   95 47       106,544 47
Williams

<!-- page 73 -->
             60,300   6,700   55,000 ...        68 95      ...      24,400   2,250    70 00       148,788 95
Lake
Total        462,741 82,120 653,722 20,535 75 46,693 36 452,375 330,409 229,636       33,823 01 2,313,055 12

             ...      ...     ...      ...      ...        ...      ...      ...      ...         ...
MANITOBA
Birtle       32,314   623     9,350    237 20   28 05      1,720    4,160    3,900    3,856 40    56,188 65
Clandeboye 25,530     2,890   22,700   532 00   1,445 30   15,900   27,450   6,500    14,216 59   117,163 89
Fisher River 28,162   4,049   19,600   100 00   ...        21,000   7,500    13,200   9,216 56    102,827 56
Griswold     33,224   760     4,400    ...      ...        ...      1,300    1,350    3 45        41,037 45
Manitowapah 22,650    4,280   9,756    157 00   ...        11,450   7,075    7,350    10,712 07   73,424 07
Norway
             5,100    550     21,000 ...        ...        17,000 106,000 14,200      13,890 00 177,740 00
House
Pas          12,305   2,370   66,000 201 67     2 00       16,000 143,000 ...         14,193 40 254,072 07
Portage la
             25,850   1,835   1,100    157 09   ...        ...      1,350    1,450    9,012 17    40,754 26
Prairie
Total        185,135 17,357 153,900 1,384 96 1,475 35 83,070 297,835 47,950           75,100 64 863,207 95

<!-- page 74 -->
                           Value
                           of
                                                                                          Annuities
                 Value of Beef                                       Earned Earned by
                                            Received                                      paid and
                 Farm      sold                      Received Earned by       other                   Total
                                   Wages    from                                          Interest on
Agencies         Products, also of                   from     by     Hunting Industries               Income of
                                   Earned   Land                                          Indian
                 including that                      Timber Fishing and       and                     Indians
                                            Rentals                                       Trust
                 Hay       used                                      Trapping Occupations
                                                                                          Funds
                           for
                           Food

NEW              $        $       $         $ cts.   $ cts.   $       $        $           $ cts.     $ cts.
BRUNSWICK
Northern
                 2,000    250     13,500 ...         12 00    600     1,700    600         971 63     19,633 63
Division
Northeastern
                 7,210    135     9,200     75 00    641 30   5,100   565      2,800       814 21     26,540 51
Division
Southwestern
                 980      ...     13,000 ...         ...      150     1,200    2,575       51 12      17,956 12
Division
Total            10,190   385     35,700 75 00       653 30   5,850   3,465    5,975       1,836 96   64,130 26

NORTHWEST ...             ...     ...       ...      ...      ...     ...      ...         ...        ...
TERRITORIES
Fort Resolution ...       ...     ...       ...      ...      23,350 159,600 ...           ...        ...

NOVA             ...      ...     ...       ...      ...      ...     ...      ...         ...        ...
SCOTIA
Annapolis        300      ...     800       ...      ...      70      160      760         ...        2,090 00
Antigonish and
                 810      100     1,675     ...      ...      425     410      2,350       ...        5,770 00
Guysboro
Cape Breton
                 700      300     2,500     ...      ...      425     500      775         ...        5,200 00
(Eskasoni)
Cape Breton
                 50       ...     2,000     ...      ...      ...     110      350         ...        2,510 00
(Sydney)
Colchester       400      30      1,800     ...      ...      ...     250      2,500       ...        4,980 00
Cumberland       225      ...     1,800     ...      ...      ...     130      200         ...        2,355 00
Digby            300      ...     2,000     ...      11 00    300     500      1,200       ...        4,311 00
Halifax          3,020    1,650   7,820     ...      ...      200     ...      7,150       ...        19,840 00
Hants (Indian
                 284      ...     200       ...      ...      ...     80       370         ...        934 00
Brook)
Hants (Windsor) 300       50      3,500     ...      ...      200     2,000    350        ...         6,400 00
Inverness       1,400     95      3,500     ...      ...      1,400   450      2,200      ...         9,045 00
Kings           300       ...     2,500     ...      100 40   80      350      350        ...         3,680 40
Lunenburg       1,000     150     1,200     20 00    ...      250     1,100    ...        ...         3,720 00
Pictou          300       ...     5,000     ...      ...      50      900      5,000      ...         11,250 00
Queens          150       ...     2,500     100 00   ...      185     500      ...        ...         3,435 00

<!-- page 75 -->
Richmond           1,500       50      575      ...      ...      250     75      90       ...         2,540 00
Shelburne          150         ...     2,000    ...      ...      ...     350     400      ...         2,900 00
Victoria           2,150       100     7,020    ...      ...      720     375     5,300    ...         15,845 00
Yarmouth           ...         ...     2,000    ...      ...      ...     ...     2,000    ...         4,000 00
...                ...         ...     ...      ...      ...      ...     ...     ...      (t)1,442 08 1,442 08
Total              13,339      2,525   50,570   120 00   111 40   4,555   8,240   31,345   1,442 08 112,247 48

                   ...         ...     ...      ...      ...      ...     ...     ...      ...         ...
ONTARIO
Alnwick            5,500     500       11,775   2,006 75 2 40     950    4,550    900      11,298 69   37,482 84
Cape Croker        9,418     2,410     12,000   555 00 303 22 5,600 200           2,500    21,649 48   54,635 70
Caradoc            76,075    6,275     67,000   2,033 75 4 50     ...    2,125    650      3,527 93    157,691 18
Chapleau           1,540     ...       10,000   ...      ...      ...    ...      35,000   13,780 00   60,320 00
Christian Island   4,500     400       3,800    ...      873 34 400      300      600      13,952 60   24,825 94
Fort Frances       7,950     250       35,000   1,570 60 1,497 49 33,300 46,300   6,700    8,118 42    140,686 51
Fort William       1,650     1,500 39,600       100 00 2,538 80 14,750 27,225     ...      11,037 97   98,401 77
Georgina Island    1,915     620    7,000       195 00 30 00    150    100        500      3,850 89    14,360 89
Golden Lake        600       ...    2,000       164 00 ...      ...    1,000      ...      10 21       3,774 21
Gore Bay           12,522    545    25,000      ...      330 50 300    300        ...      10,430 64   49,428 14
Kenora             7,305     ...    60,095      260 00 9,027 76 60,385 58,910     62,420   17,942 15   276,344 91
Manitowaning       30,390    10,100 83,300      162 50 4,339 93 7,675 4,525       17,200   23,180 17   180,872 60
Moravian           8,500     1,500 7,000        375 00 ...      100    500        6,500    5,435 63    29,910 63
New Credit         10,750    2,950 22,000       4,596 50 ...    ...    550        2,700    4,850 89    48,397 39
Parry Sound        7,450     1,375 36,000       355 00 3,441 54 ...    1,125      ...      16,840 97   66,587 51
Rama               3,250     485       18,000 85 50     26 40  500    3,500       5,000    8,271 82    39,118 72
Rice Lake          16,500    4,000     21,000 290 00 ...       1,800 11,000       7,300    8,882 98    70,772 98
Sarnia             33,000    3,200     43,250 3,325 00 190 53 750     540         9,300    18,573 62   112,129 15
Saugeen            10,500    150       12,000 85 00     459 78 500    900         3,000    16,384 52   43,979 30
Sault Ste. Marie   18,500    3,200     20,500 400 00 3,919 05 16,000 15,500       12,000   12,458 06   102,477 11
Savanne            2,920     ...       61,950 ...       ...    67,820 105,930     57,520   6,165 00    302,305 00
Scugog             200       100       100     313 00 ...      60     800         1,000    1,078 03    3,651 03
Six Nations        298,000   ...       145,000 3,034 00 127 82 ...    1,250       41,980   39,475 06   528,866 88

[(t)Micmacs of Nova Scotia.]

<!-- page 76 -->
                            Value
                            of
                                                                                           Annuities
                  Value of Beef                                       Earned Earned by
                                             Received                                      paid and
                  Farm      sold                      Received Earned by       other                   Total
                                    Wages    from                                          Interest on
Agencies          Products, also of                   from     by     Hunting Industries               Income of
                                    Earned   Land                                          Indian
                  including that                      Timber Fishing and       and                     Indians
                                             Rentals                                       Trust
                  Hay       used                                      Trapping Occupations
                                                                                           Funds
                            for
                            Food

ONTARIO -         $        $       $         $ cts.     $ cts.   $       $         $         $ cts.      $ cts.
Concluded
Sturgeon Falls    11,000   200   40,000 ...      586 02   2,300          20,000    16,000    61,041 40 151,127 42
Thessalon         9,550    ...   38,000 55 00    1,354 36 1,000          6,100     7,150     6,711 22 69,920 58
Tyendinaga        90,000   3,000 45,000 8,839 81 ...      4,000          350       1,000     5,538 26 157,728 07
(t)Georgian Bay
                  ...      ...     ...       (t)84 32   ...      ...     ...       ...       ...         84 32
Islands
Total             679,485 ...      866,370 28,885 73 29,053 44 218,340 313,580 296,920       350,486 61 2,825,880 78

PRINCE        2,050        42,760 875        ...        ...      1,120   250       4,800     ...         9,415 00
EDWARD ISLAND

                  ...      ...     ...       ...        ...      ...     ...       ...       ...         ...
QUEBEC
Bécancour         125      450    350     ...       ...          15      30        982       345 07      2,297 07
Bersimis          1,100    400    5,000 400 00      1,832 68     451     86,000    34,000    6,180 98    135,364 66
Cacouna           ...      ...    2,500 ...         ...          50      200       ...       517 24      3,267 24
Caughnawaga       33,000   2,000 150,00 8,364 24 ...             ...     ...       25,000    232 70      218,596 94
Jeune Lorette     ...      ...    36,500 ...        ...          ...     3,000     33,500    846 49      73,846 49
Maniwaki          7,881    267    31,860 330 00     2,164 54     231     29,565    1,893     3,597 11    77,788 65
Maria             450      40     4,500 ...         ...          50      100       100       ...         5,240 00
Mingan            ...      ...    ...     ...       ...          ...     6,600     200       ...         6,800 00
Oka               7,500    2,000 ...      ...       687 71       100     200       1,000     356 59      11,844 30
Pierreville       2,000    1,500 4,000 256 90       ...          ...     1,000     6,000     203 81      14,960 71
Pointe Bleue      18,500   3,000 22,000 200 00      1,444 76     1,000   75,000    3,000     684 65      124,829 41
Restigouche       3,985    200    8,000 245 00      1,042 05     50      600       600       352 43      15,074 48
Seven Islands     ...      ...    1,500 ...         ...          ...     32,000    1,500     ...         35,000 00
St. Regis         7,000    1,400 135,000 367 56     ...          4,300   4,000     23,500    3,567 39    179,134 95
Timiskaming       5,500    100    7,000 37 00       ...          50      28,000    1,200     2,021 31    43,908 31
Total             87,041   11,357 408,210 10,200 70 7,171 74     6,297   266,295   132,475   18,905 77   947,953 21

                  ...      ...     ...       ...        ...      ...     ...       ...       ...         ...
SASKATCHEWAN
Assiniboine       14,855   1,749 1,912 ...       ...             ...     3,010     9,217     1,513 31 32,256 31
Battleford        50,375   6,750 52,400 2,818 00 ...             5,400   21,100    7,150     14,946 80 160,939 80
Carlton           82,218   13,130 9,690 21 00    ...             944     14,850    6,845     21,587 57 149,285 57

