=== TABLE HEADER (the column definitions of this table, printed once at the start of the statement; use to name the columns) ===

TABLE No. 5. - VALUE OF REAL AND PERSONAL PROPERTY AND PROGRESS DURING THE YEAR

                                             Value of                                                   Progress During the Year 1924
                                                                  Value                     Total
               Total       Value             Public    Value of           Value
                                   Value of                       of Live         Value of Value of                            Total
               Value of    of                Buildings Implements         of                            Value of New Value of
Agencies                           Private                        Stock           Household Real and                           Increase
               Lands in    Private           Property and                 General                       Land         Buildings
                                   Buildings                      and             Effects   Personal                           in
               Reserves    Fencing           of the    Vehicles           Effects                       Improvements Erected
                                                                  Poultry                   Effects                            Value
                                             Band
ALBERTA        $           $       $         $         $          $       $       $         $           $             $         $
Blackfoot      2,640,000   23,500 292,000 57,000       100,000    125,000 7,500 27,300      3,272,300   1,500         5,500     7,000
Blood          7,081,720   27,000 85,000     30,000    160,000    250,000 40,000 37,500     7,711,220   4,000         21,000    25,000
Edmonton       1,183,483   16,750 87,425     9,575     32,125     34,588 6,000 12,400       1,382,346   4,352         6,025     10,377
Hobbema        1,528,480   29,325 38,000     ...       72,959     62,059 11,425 10,528      1,752,776   12,150        840       12,990
Lesser Slave
               2,393,302 14,200 53,650        ...       18,700    63,600 42,100 26,400      2,611,952 780             300       1,080
Lake
Peigan      979,550    4,687 37,087           22,970    48,023    127,410 16,117 10,595     1,246,439 1,085           500       1,585
Saddle Lake 742,147    2,730 23,605           ...       20,890    34,816 5,120 7,105        836,413    785            ...       785
Sarcee      1,180,120 10,500 21,500           36,500    11,

=== EXTRACT FROM HERE (pages 65-69) ===

TABLE No. 5. - VALUE OF REAL AND PERSONAL PROPERTY AND PROGRESS DURING THE YEAR

                                             Value of                                                   Progress During the Year 1924
                                                                  Value                     Total
               Total       Value             Public    Value of           Value
                                   Value of                       of Live         Value of Value of                            Total
               Value of    of                Buildings Implements         of                            Value of New Value of
Agencies                           Private                        Stock           Household Real and                           Increase
               Lands in    Private           Property and                 General                       Land         Buildings
                                   Buildings                      and             Effects   Personal                           in
               Reserves    Fencing           of the    Vehicles           Effects                       Improvements Erected
                                                                  Poultry                   Effects                            Value
                                             Band
ALBERTA        $           $       $         $         $          $       $       $         $           $             $         $
Blackfoot      2,640,000   23,500 292,000 57,000       100,000    125,000 7,500 27,300      3,272,300   1,500         5,500     7,000
Blood          7,081,720   27,000 85,000     30,000    160,000    250,000 40,000 37,500     7,711,220   4,000         21,000    25,000
Edmonton       1,183,483   16,750 87,425     9,575     32,125     34,588 6,000 12,400       1,382,346   4,352         6,025     10,377
Hobbema        1,528,480   29,325 38,000     ...       72,959     62,059 11,425 10,528      1,752,776   12,150        840       12,990
Lesser Slave
               2,393,302 14,200 53,650        ...       18,700    63,600 42,100 26,400      2,611,952 780             300       1,080
Lake
Peigan      979,550    4,687 37,087           22,970    48,023    127,410 16,117 10,595     1,246,439 1,085           500       1,585
Saddle Lake 742,147    2,730 23,605           ...       20,890    34,816 5,120 7,105        836,413    785            ...       785
Sarcee      1,180,120 10,500 21,500           36,500    11,000    26,650 2,000 2,000        1,290,270 500             500       1,000
Stony       441,290    9,000 16,000           900       9,442     33,146 8,000 10,000       527,778    ...            ...       ...
Total       18,170,092 137,692 654,267        156,945   473,139   757,269 138,262 143,828   20,631,494 25,152         34,665    59,817
BRITISH
            ...        ...     ...            ...       ...       ...      ...     ...      ...         ...           ...       ...
COLUMBIA
Babine         109,570     11,220 143,800     11,550    18,400    69,600 61,550 33,200      458,890     2,100         3,900     6,000
Bella Coola    352,600     2,500 117,000      12,500    18,000    17,325 130,000 62,000     711,925     200           10,000    10,200
Cowichan    1,757,300      118,900 184,850    7,500     90,550    51,900 66,350    70,800   2,348,150   2,100         5, 650    7,750
Kamloops    3,475,293      52,641 116,130     44,238    101,525   236,993 15,350   17,645   4,059,815   ...           ...       ...
Kootenay    471,980        11,860 20,360      117,700   22,520    64,310 7,680     6,795    723,195     4,930         ...       4,930
Kwawkewlth 271,134         1,880 156,215      4,400     73,500    383     63,800   73,000   641,312     ...           7,000     7,000
Lytton      940,666        19,925 74,915      23,330    33,779    74,225 10,385    19,735   1,196,960   6,950         2,700     9,650
New
            771,583        17,645 68,800      20,100    18,925    35,085 27,530 27,975      987,643     ...           ...       ...
Westminster
Okanagan       1,919,260 25,500 131,500       39,750    37,500    167,750 9,700    18,500   2,349,460 17,500          3,825     21,325
Queen
               70,000      1,000    50,000    1,600     27,000    5,000    34,000 20,000    208,600     ...           2,500     2,500
Charlotte
Skeena River 1,066,321     14,350   312,060   108,500   8,500     5,970    166,000 49,500   1,731,201   ...           25,500   25,500
Stikine      2,075         40       20,713    ...       4,541     3,500    14,756 27,490    73,115      ...           ...      ...
Stuart Lake 258,346        14,515   92,000    25,200    14,245    34,335   22,370 26,540    487,551     500           3,100    3,600
Vancouver 1,895,495        4,600    87,200    39,100    3,020     6,300    23,435 24,800    2,083,950   ...           ...      ...
West Coast 112,500         3,535    102,770   3,650     1,398     3,584    60,150 30,675    318,262     ...           1,750    1,750
Williams
             826,427       157,164 53,000     13,350    26,695    84,030 16,150 17,190      1,194,006 ...             1,100     1,100
Lake
Total    14,300,550 457,275 1,731,313 472,468           500,098   860,280 729,206 525,845   19,577,035 34,280         67,025    101,305
MANITOBA ...        ...     ...       ...               ...       ...     ...     ...       ...        ...            ...       ...

<!-- page 66 -->
Birtle       497,911   1,925   25,275    2,850    19,110    29,875   3,605    3,475    .584,026   800     1,395    2,195
Clandeboye 291,285     5,440   159,800   7,900    7,110     24,320   11,400   21,850   529,105    450     5,000    5,450
Fisher River 848,046   8,075   41,270    11,800   16,675    43,243   9,967    10,830   989,906    ...     ...      ...
Griswold     216,636   1,135   16,730    6,150    29,600    24,200   2,660    5,645    302,756    ...     175      175
Manitowapah 444,601    2,270   45,400    26,800   14,900    67,085   14,500   12,375   627,931    ...     14,200   14,200
Norway
             129,420   605     44,700    7,800    1,530     15,000 50,400 14,600       264,055    ...     5,300    5,300
House
Pas          266,050   4,180   43,600    13,600   5,050     20,320 68,300 20,500       441,600    3,520   3,500    7,020
Portage la
             354,040   4,300   17,000    14,300   19,800    21,050 1,700      4,300    436,490    1,100   4,750    5,850
Prairie
Total        3,047,989 27,930 393,775    91,200   113,775   245,093 162,532 93,575     4,175,869 5,870    34,320   40,190

<!-- page 67 -->
                                            Value of                                                  Progress During the Year 1924
                                                                 Value                     Total
                 Total    Value             Public    Value of           Value
                                  Value of                       of Live         Value of Value of                           Total
                 Value of of                Buildings Implements         of                           Value of New Value of
Agencies                          Private                        Stock           Household Real and                          Increase
                 Lands in Private           Property and                 General                      Land         Buildings
                                  Buildings                      and             Effects   Personal                          in
                 Reserves Fencing           of the    Vehicles           Effects                      Improvements Erected
                                                                 Poultry                   Effects                           Value
                                            Band
NEW
          $               $       $         $        $          $       $       $          $          $             $         $
BRUNSWICK
Northern
                 19,060   130     11,500    31,200   1,500      1,800   525     3,750      69,465     150           500       650
Division
Northeastern
                 45,048   2,328   28,911    35,682   5,244      4,310   6,000   16,490     144,013    ...           512       512
Division
Southwestern
                 6,600    470     11,430    16,000   500        400     1,240   1,675      38,315     ...           975       075
Division
Total       70,708        2,928   51,841,   82,882   7,244      6,510   7,765   21,915     251,793    150           1,987     2,137
NORTHWEST
            ...           ...     ...       ...      ...        ...     ...     ...        ...        ...           ...       ...
TERRITORIES
Fort Resolution ...       ...     20,000    ...      ...        57,750 13,000 12,750       103,500    ...           ...       ...
NOVA
                ...       ...     ...       ...      ...        ...     ...     ...        ...        ...           ...       ...
SCOTIA
Annapolis      1,200      20      1,800     ...      100        100     360     200        3,780      20            50        70
Antigonish and
               6,000      975     2,950     3,000    475        765     320     515        15,000     ...           200       200
Guysboro
Cape Breton
                 14,000   640     8,000     ...      1,500      1,700   1,200   700        27,740     150           75        225
(Eskasoni)
Cape Breton
                 8,000    ...     15,000    2,500    25         50      500     1,500      27,575     8,000         12,000    20,000
(Sydney)
Colchester       3,000    200     6,400     1,000    500        400     400     550        12,450     ...           400       400
Cumberland       1,000    20      945       100      100        150     275     240        2,830      ...           ...       ...
Digby            1,800    60      2,500     2,000    ...        ...     300     3,500      10,160     ...           ...       ...
Halifax          3,900    1,095   4,050     ...      710        1,750   1,550   2,250      15,305     ...           ...       ...
Hants (Indian
                 5,550    140     890       2,800    130        500     156     380        10,546     ...           ...       ...
Brook)
Hants
                 10,500   ...     2,000     ...      200        400     400     800        14,300     ...           ...       ...
(Windsor)
Inverness        27,000   1,100   16,400    4,700    575        2,550   750     860        53,935     50            250      300
Kings            5,000    150     1,400     ...      150        350     400     450        7,900      ...           50       50
Lunenburg        3,000    320     2,500     200      130        400     500     1,000      8,050      ...           ...      ...
Pictou           1,500    50      9,600     8,450    400        130     785     1,800      22,715     ...           150      150
Queens           3,500    100     2,250     ...      140        260     100     1,000      7,350      ...           ...      ...
Richmond         7,000    250     3,500     12,000   1,000      2,000   1,000   800        27,550     ...           800      800
Shelburne        ...      ...     1,500     ...      350        60      450     400        2,760      ...           ...      ...
Victoria         7,960    230     2,100     2,210    450        1,200   750     400        15,300     25            65       90
Yarmouth         500      ...     ...       1,000    ...        ...     400     300        2,200      ...           ...      ...

<!-- page 68 -->
Total            110,410   5,350    83,785    39,960   6,935     12,765   10,596   17,645   287,446    8,245   14,040   22,285
ONTARIO          ...       ...      ...       ...      ...       ...      ...      ...      ...        ...     ...      ...
Alnwick          75,000    5,300    34,000    8,500    3,600     6,000    2,575    15,575   150,550    25      1,200    1,225
Cape Croker      150,000   7,750    69,000    35,250   15,400    30,500   8,000    9,500    325,400    ...     ...      ...
Caradoc          150,350   13,850   118,300   35,000   28,000    37,375   2,575    34,500   419,950    ...     5,650    5,650
Chapleau         18,400    350      30,000    800      ...       ...      ...      5,000    54,550     ...     ...      ...
Christian Island 35,500    1,700    8,300     7,000    3,200     7,100    2,000    3,000    67,800     100     2,000    2,100
Fort Frances     216,602   1,200    28,400    8,300    16,740    6,700    7,480    9,420    294,842    4,000   1,200    5,200
Fort William     182,460   600      31,500    6,300    2,071     7,220    9,281    8,000    247,432    ...     4,500    4,500
Georgina
                 32,150    500      8,500     13,000   1,500     3,000    8,000    1,700    68,350     ...     800      800
Island
Golden Lake     3,000      700    4,000       3,100    800       1,500 3,000 3,000          19,100     ...     ...      ...
Gore Bay        80,000     15,200 30,000      22,700   8,750     17,175 7,200 16,200        197,225    ...     260      260
Kenora          126,525    600    48,820      525      6,550     7,365 34,700 24,710        249,795    ...     ...      ...
Manitowaning 247,000       21,545   69,225    33,100   43,650    35,597   18,295   42,785   511,197    305     650      955
Moravian        75,200     5,000    25,000    7,500    10,000    10,000   22,000   2,000    156,700    500     ...      500
New Credit      225,000    11,400   50,300    9,000    13,100    19,860   1,000    15,000   344,660    520     425      945
Parry Sound     12,200     950      20,900    17,300   7,980     13,500   7,621    16,000   96,451     ...     4,000    4,000
Rama            50,000     4,100    28,250    13,200   2,500     3,500    2,000    7,500    111,050    ...     2,250    2,250
Rice Lake       115,000    4,000    58,000    13,000   8,500     20,000   7,800    13,200   239,500    ...     ...      ...
Sarnia          630,450    15,500   105,500   43,500   26,300    26,000   6,400    31,000   884,650    125     7,400    7,525
Saugeen         80,000     2,200    25,900    30,000   5,500     18,300   3,050    4,500    169,450    1,400   1,000    2,400
Sault Ste Marie 54,900     2,825    27,000    33,000   7,175     17,100   10,875   13,900   166,775    ...     ...      ...
Savanne         102,127 555       13,975      25       4,740     784     44,255 29,175      195,636 ...        ...      ...
Scugog          60,000    2,000 2,000         500      400       600     300    950         66,750    ...      ...      ...
Six Nations     1,092,400 436,960 676,000     62,000   290,200   269,000 4,600 75,400       2,906,560 ...      ...      ...

<!-- page 69 -->
                                                Value of                                                 Progress During the Year 1924
                                                                     Value                     Total
                    Total     Value             Public    Value of           Value
                                      Value of                       of Live         Value of Value of                            Total
                    Value of of                 Buildings Implements         of
Agencies                              Private                        Stock           Household Real and Value of New Value of Increase
                    Lands in Private            Property and                 General
                                      Buildings                      and             Effects   Personal Land           Buildings
                                                                                                                                  in
                    Reserves Fencing            of the    Vehicles           Effects                     Improvements  Erected
                                                                     Poultry                   Effects                            Value
                                                Band
...                 $         $       $         $         $          $       $       $         $         $             $          $
Sturgeon Falls      242,290 2,350 51,200        12,500    5,300      17,600 23,000 43,000      397,240 100             1,000      1,000
Thessalon           129,064 9,705 14,500        10,000    5,625      10,900 12,633 8,463       200,890 100             ...        100
Tyendinaga          645,300 134,825 105,000 44,800        42,800     80,000 2,645 55,800       1,111,170 ...           5,000      5,000
Total               4,830,918 701,665 1,683,570 469,900 560,381      666,676 251,285 489,278   9,653,673 7,175         37,335     44,510
PRINCE EDWARD
               20,000        1,750     10,000    10,000    1,100     2,300    3,115    3,200    51,465   ...          ...       ...
ISLAND
QUEBEC        ...       ...            ...       ...       ...       ...     ...     ...        ...       ...         ...       ...
Béancour      5,600     460            1,500     ...       180       768     200     300        9,008     ...         ...       ...
Bersimis      51,000    675            53,500    33,000    800       3,300 8,700 14,000         164,975 ...           800       800
Cacouna       6000      ...            3,000     ...       700       399     ...     1,515      11,614    ...         474       474
Caughnawaga   750,000 8000             450,000   75,000    30,000    60,000 20,000 100,000      1,493,000 500         1,000     1,500
Jeune Lorette 30,000    500            51,000    31,000    3,600     1,500 1,500 18,000         137,100 650           6,000     6,650
Maniwaki      35,245    4,470          22,785    2,095     11,440    12,070 6,710 13,090        107,905 360           2,425     2,785
Maria         20,000    560            2,500     2,000     200       325     700     1,500      27,785    250         300       550
Mingan        ...       ...            3,000     1,500     ...       ...     7,000 1,800        13,300    ...         ...       ...
Oka           ...       3,000          20,000    3,000     4,000     9,000 ...       5,000      44,000    400         3,000     3,400
Pierreville   35,000    1,000          61,500    2,500     1,200     3,000 2,000 16,000         122,200 250           ...       250
Pointe Bleue  41,000    6,000          40,000    6,000     17,500    13,500 15,000 15,000       154,000 1,000         5,000     6,000
Restigouche   173,000 12,100           56,000    ...       15,000    10,000 18,000 17,000       301,100 ...           ...       ...
Seven Islands 1,500     ...            8,800     4,000     ...       ...     6,000 12,000       32,300    ...         ...       ...
St. Regis     256,000 2,000            110,000   15,000    13,950    38,000 10,000 39,000       483,950 ...           ...       ...
Timiskaming   35,000    1,670          8,500     1,750     2,500     4,600 8,500 3,500          66,020    ...         ...       ...
Total         1,439,345 40,435         892,085   176,845   101,070   156,462 104,310 257,705    3,168,257 3,410       18,999    22,409
SASKATCHEWAN ...        ...            ...       ...       ...       ...     ...     ...        ...       ...         ...       ...
Assiniboine   427,533 5,188            20,264    3,923     22,493    37,606 743      10,080     527,830 75            1,900     1,975
Battleford    3,234,793 32,900         75,700    4,900     82,400    74,300 17,600 19,800       3,542,393 4,000       4,400     8,400
Carlton       1,545,224 12,907         67,796    32,650    29,496    73,820 7,300 9,411         1,778,604 2,180       978       3,158
Crooked Lakes       1,086,662 34,200   56,200    ...       57,900    39,055   4,850    14,350   1,293,217 1,252       245       1,497
Duck Lake           1,769,725 21,400   35,870    18,000    33,900    86,990   7,050    24,550   1,997,485 4,830       1,700     6,530
File Hills Agency   525,000 4,000      9,000     300       5,300     12,500   1,150    3,200    560,450 225           ...       225
File Hills Colony   400,000 600        50,000    12,000    21,000    26,500   700      9,000    519,800 70            ...       70
Isle à la Crosse    150,460 330        14,852    300       373       ...      29,986   4,465    200,766 ...           400       400
Moose Mountain      250,800 2,500      9,500     3,500     9,500     15,000   2,200    1,500    294,500 250           600       850
Moose Woods         62,495    6,990    5,850     2,500     6,000     24,450   2,500    10,250   121,035 110           150       260

