=== TABLE HEADER (the column definitions of this table, printed once at the start of the statement; use to name the columns) ===

TABLE No. 6. - SOURCES AND VALUE OF INCOME

                      Value
                      of
                                                                                     Annuities
            Value of Best                                       Earned Earned by
                                       Received                                      paid and
            Farm      sold                      Received Earned by       other                   Total
                              Wages    from                                          Interest on
Agencies    Products, also of                   from     by     Hunting Industries               Income of
                              Earned   Land                                          Indian
            including that                      Timber Fishing and       and                     Indians
                                       Rentals                                       Trust
            Hay       used                                      Trapping Occupations
                                                                                     Funds
                      for
                      Food
ALBERTA     $         $       $        $ cts.    $ cts.    $         $         $        $ cts.      $ cts.
Blackfoot   120,150 9,370 5,000        46,977 10 ...       ...       ...       12,000   63,822 34   257,328 44
Blood       100,000 12,580 20,000      16,075 51 ...       ...       750       12,000   7,761 15    169,166 66
Edmonton    65,348 1,396 18,930        64 00     ...       1,750     6,050     4,450    25,519 07   123,507 07
Hobbema     52,008 3,477 14,847        1,229 93 ...        3,286     4,232     12,784   13,553 47   105,417 40
Lesser Slave
             20,700   1,310 33,585 ...            ...      8,075     337,155 ...        17,215 45, 418,040 45
Lake
Peigan      19,994    14,474 9,000 2,540 60 ...            ...       442       ...      7,343 47 53,794 07
Saddle Lake 37,581    ...    10,760 ...        31 00       1,830     8,200     5,305    4,386 68 68,093 68
Sarcee      12,825    1,738 2,600 4,762 50 ...             ...       400       4,000    822 59     27,148 09
Stony       9,725     961    34,522 3,186 40 ...           ...       8,312     8,990    4,340 22 70,036 62
Total       438,331   45,315 149,244 74,836 04 31 00       14,941    365,541   59,529   144,764 44 1,292,532 48
BRITISH
            ...       ...     ...      ...        ...      ...       ...       

=== EXTRACT FROM HERE (pages 72-76) ===

TABLE No. 6. - SOURCES AND VALUE OF INCOME

                      Value
                      of
                                                                                     Annuities
            Value of Best                                       Earned Earned by
                                       Received                                      paid and
            Farm      sold                      Received Earned by       other                   Total
                              Wages    from                                          Interest on
Agencies    Products, also of                   from     by     Hunting Industries               Income of
                              Earned   Land                                          Indian
            including that                      Timber Fishing and       and                     Indians
                                       Rentals                                       Trust
            Hay       used                                      Trapping Occupations
                                                                                     Funds
                      for
                      Food
ALBERTA     $         $       $        $ cts.    $ cts.    $         $         $        $ cts.      $ cts.
Blackfoot   120,150 9,370 5,000        46,977 10 ...       ...       ...       12,000   63,822 34   257,328 44
Blood       100,000 12,580 20,000      16,075 51 ...       ...       750       12,000   7,761 15    169,166 66
Edmonton    65,348 1,396 18,930        64 00     ...       1,750     6,050     4,450    25,519 07   123,507 07
Hobbema     52,008 3,477 14,847        1,229 93 ...        3,286     4,232     12,784   13,553 47   105,417 40
Lesser Slave
             20,700   1,310 33,585 ...            ...      8,075     337,155 ...        17,215 45, 418,040 45
Lake
Peigan      19,994    14,474 9,000 2,540 60 ...            ...       442       ...      7,343 47 53,794 07
Saddle Lake 37,581    ...    10,760 ...        31 00       1,830     8,200     5,305    4,386 68 68,093 68
Sarcee      12,825    1,738 2,600 4,762 50 ...             ...       400       4,000    822 59     27,148 09
Stony       9,725     961    34,522 3,186 40 ...           ...       8,312     8,990    4,340 22 70,036 62
Total       438,331   45,315 149,244 74,836 04 31 00       14,941    365,541   59,529   144,764 44 1,292,532 48
BRITISH
            ...       ...     ...      ...        ...      ...       ...       ...      ...         ...
COLUMBIA
Babine      32,450    6,500 47,600 ...            ...       16,100   75,300    25,400   288 57      203,638 57
Bella Coola 6,350     2,200 22,000 ...            1,455 08 93,000    31,500    47,000   449 36      203,954 44
Cowichan    50,200    3,350 127,500 2,026 57      12,449 31 24,450   1,025     7,250    3 830 60    232,081 48
Kamloops    242,211   ...    ...    1,628 20      11,564 85 ...      3 000     ...      2,650 97    261,055 02
Kootenay    43,617    9,175 28,800 ...            1,810 40 1,140     2,425     4,350    130 49      91,447 89
Kwawkewlth ...        ...    21,700 590 00        415 01    85,800   5,600     18,550   1,309 30    133,964 31
Lytton      48,800    12,005 91,700 ...           3,275 23 1,100     5,080     13,700   4,310 97    179,971 20
New
            28,735    6,965 50,600 4,626 99 16,932 48 16,350 7,650             2,000    2,192 28    136,051 75
Westminster
Okanagan    74,500    15,750 32,500 ...           707 35   400       ...       2,550    943 08      127,350 43
Queen
            8,000     2,800 27,000 ...            ...      26,000 700          9,000    118 51      73,618 51
Charlotte
Skeena River 32,500   550     60,000   ...        738 27    145,000 64,500     52,000   3,362 89    358,701 16
Stikine      3,125    ...     39,980   ...        ...       13,508 111,101     39,778   ...         207,492 00
Stuart Lake 26,623    7,500   26,020   ...        36 39     17,620 32,160      4,490    2,113 38    116,562 77
Vancouver 3,500       200     31,000   9,080 35   22,524 94 27,250 8,100       22,700   12,545 96   136,910 25
West Coast 408        ...     8,300    12 00      190 89    43,944 30,835      37,615   89 44       121,394 33
Williams
             51,860   5,250 38,500 ...            146 00   ...       22,550    ...      65 24       118,371 24
Lake

<!-- page 73 -->
Total        652,929   72,245 653,200 17,973 11 72,246 20 511,662 401,526   286,383   34,401 04   2,702,565 35
MANITOBA ...           ...    ...     ...       ...       ...     ...       ...       ...         ...
Birtle       24,931    625    7,400 173 20      16 30     870     1,991     3,519     3,837 19    43,362 69
Clandeboye 22,850      1,650 17,100 3,152 00 311 00       12,500 24,550     6,800     13,237 63   102,150 03
Fisher River 36,597    4,196 25,850 150 00      ...       11,550 7,315      19,730    8,818 05    114,206 05
Griswold     27,690    85     5,000 ...         ...       ...     1,600     1,340     3 33        35,718 33
Manitowapah 31,070     3,625 15,950 ...         ...       9,000 10,555      8,450     10,489 16   89,139 16
Norway
             5,600     350   21,000 25 00      ...       17,000 145,000 14,200        13,170 00 216,345 00
House
Pas          11,520    2,280 46,000 155 00     647 80    21,500 120,000 ...           13,789 18, 215,891 98
Portage la
             46,000    300   1,150    446 70   ...       ...     1,250      1,650     8,927 91    59,724 61
Prairie
Total        206,258 13,111 139,450 4,101 90 975 10      72,420 312,261 55,689        72,272 45 876,538 45

<!-- page 74 -->
                          Value
                          of
                                                                                         Annuities
                Value of Best                                       Earned Earned by
                                           Received                                      paid and
                Farm      sold                      Received Earned by       other                 Total
                                  Wages    from                                          Interest
Agencies        Products, also of                   from     by     Hunting Industries             Income of
                                  Earned   Land                                          on Indian
                including that                      Timber Fishing and       and                   Indians
                                           Rentals                                       Trust
                Hay       used                                      Trapping Occupations
                                                                                         Funds
                          for
                          Food
NEW
          $              $       $         $ cts.   $ cts.   $       $       $           $ cts.    $ cts.
BRUNSWICK
Northern
                2,000    ...     13,500 ...         ...      500     2,500   ...         960 75    19,460 75
Division
Northeastern
                7,210    135     9,300     100 00   292 13   4,425   455     2,300       733 25    24,950 38
Division
Southwestern
             1,005       ...     12,800 ...         42 50    150     1,200   2,575       54 83     17,827 33
Division
Total           10,215   135     35,600 100 00      334 63   5,075   4,155   4,875       1,748 83 62,238 46
NOVA
                ...      ...     ...       ...      ...      ...     ...     ...         ...       ...
SCOTIA
Annapolis    250         ...     575       ...      ...      40      150     780         768 45    2,563 45
Antigonish
             850         70      2,100     75 50    ...      455     470     2,050       26 11     6,096 61
and Guysboro
Cape Breton
                2,200    350     950       ...      ...      200     150     900         16 31     4,766 31
(Eskasoni)
Cape Breton
                ...      ...     12,000 ...         ...      ...     300     ...         ...       12,300 00
(Sydney)
Colchester      325      ...     2,000     ...      ...      ...     250     3,000       172,34    5,747 34
Cumberland      200      ...     2,050     ...      ...      ...     130     875         83 37     3,338 37
Digby           300      ...     2,000     ...      12 00    300     600     1,000       5 85      4,217 85
Halifax         2,055    2,025   8,600     ...      ...      200     ...     5,100       363 61    18,343 61
Hants (Indian
                351      15      190       ...      ...      ...     320     240         59 63     1,175 63
Brook)
Hants
                300      ...     4,000     ...      174 36   200     2,000   400         ...       7,074 36
(Windsor)
Inverness       1,700    230     3,500     ...      ...      1,400   1,000   2,300       ...       10,130 00
Kings           300      40      2,700     ...      91 56    75      400     350         ...       3,956 56
Lunenburg       900      100     1,100     ...      ...      ...     300     1,200       3 98      3,603 98
Pictou          347      ...     2,300     ...      ...      100     800     4,300       ...       7,847 00
Queens          140      ...     2,400     100 00   ...      200     200     ...         153 36    3,193 36
Richmond        1,590    50      650       ...      ...      200     20      80          1 06      2,591 06
Shelburne       100      ...     1,500     ...      ...      ...     350     500         ...       2,450 00
Victoria        1,640    50      3,385     ...      ...      360     275     1,550       26 62     7,286
Yarmouth        ...      ...     400       ...      ...      ...     50      1,000       ...       1,450 00

<!-- page 75 -->
Total          13,548   2,930 52,400 175 50       277 92    3,730   7,765    25,625   1,680 69 108,132 11
Fort
               ...      ...     6,500    ...      ...       ...     115,000 ...       ...      121,500 00
Resolution
ONTARIO        ...      ...     ...      ...      ...       ...     ...      ...      ...       ...
Alnwick        7,465    565     12,200   1,782 25 ...       220     4,840    985      11,865 67 39,922 92
Cape Croker    11,937   2,250   8,500    200 00 ...         6,730   255      2,000    21,788 32 53,660 32
Caradoc        68,250   4,850   79,000   1,761 50 83 40     ...     550      3,850    3,477 23 161,822 13
Chapleau       1,000    ...     6,000    ...      1,608 50 ...      35,000   ...      13,004 00 56,612 60
Christian
               5,109    400     4,000    ...      4,158 08 250      250      500      13,502 00 28,169 08
Island
Fort Frances   8,625    242   35,500 1,370 00 8,600 05 36,775 46,300         4,650    8,594 81 150,656 86
Fort William   1,650    1,500 38,000 675 00 16,006 11 16,000 45,000          ...      11,307 53 130,138 64
Georgina
               1,400    700     7,000    161 75   ...       250     150      900      3,926 27 14,488 02
Island
Golden Lake 700         ...     2,500    109 00 ...        ...   1,000       ...      14 54     4,323 54
Gore Bay     10,670     490     25,000   42 16    1,223 85 300   300         ...      9,914 10 47,940 11
Kenora       7,312      ...     57,425   130 00 4,855 90 60,205 56,630       61,110   17,635 56 265,303 46
Manitowaning 26,690     9,865   88,150   155 00 8,596 31 7,265 6,760         16,350   22,593 81 186,425 12
Moravian     9,000      1,500   10,000   155 00 ...        100   300         500      5,602 44 27,157 44
New Credit   14,638     3,250   22,400   2,730 00 ...      ...   325         2,500    5,024 88 50,867 88
Parry Sound 7,450       1,375   3,600    300 00 26,415 18 ...    1,125       ...      15,738 69 56,003 87
Rama         3,160      ...     18,800   65 00    6 45     500   3,500       5,000    8,299 48 39,330 93
Rice Lake    17,150     4,500   20,500   40 00    ...      1,500 10,000      14,000   9,051 44 76,741 44
Sarnia       31,700     2,300   40,250   1,392 00 299 67   750   525         7,200    18,368 04 102,784 71
Saugeen      7,800      775     16,000   40 00    388 63   500   1,400       4,300    16,628 57 47,832 20
Sault Ste.
             18,000     3,500 20,000 400 00       2,749 23 16,000 16,500     12,000   12,567 38 101,716 61
Marie
Savanne        3,712   54,950 ...     ...      ...          66,940 97,315    49,010   6,070 00 277,997 00
Scugog         200     200    1,000 1,615 75 ...            60     800       1,000    1,136 32 6,012 07
Six Nations    356,000 ...    142,000 2,216 00 23 85        ...    1,200     41,000   41,325 87 583,765 72

<!-- page 76 -->
                            Value
                            of
                                                                                          Annuities
                  Value of Best                                      Earned Earned by
                                           Received                                       paid and
                  Farm      sold                    Received Earned by        other                   Total
                                    Wages from                                            Interest on
Agencies          Products, also of                 from     by      Hunting Industries               Income of
                                    Earned Land                                           Indian
                  including that                    Timber Fishing and        and                     Indians
                                           Rentals                                        Trust
                  Hay       used                                     Trapping Occupations
                                                                                          Funds
                            for
                            Food
...               $         $       $      $ cts.   $ cts.   $       $        $           $ cts.      $ cts.
Sturgeon Falls    11,000 600        41,000 ...      142 97   2,300 30,000 15,000          60,969 57 161,012 54
Thessalon         9,550     ...     38,000 20 00    2,999 78 1,300 18,600 2,590           6,488 73 79,548 51
Lyendinaga        90,000 3,000 45,000 7,873 12 ...           3,000 350        1,000       6,034 01 156,257 13
Total             730,186 96,812 781,825 23,233 53 78,157 96 220,945 378,975 245,445      350,929 26 2,906,490 75
PRINCE EDWARD
               ...         ...    ...     ...       ...      ...      ...       ...       ...         ...
ISLAND
PRINCE EDWARD
              2,150        310    890     ...       ...      750      50        4,750     ...         8,900 00
ISLAND
QUEBEC            ...      ...    ...     ...       ...       ...     ...       ...       ...         ...
Bécancour         160      120    250     ...       ...       20      ...       375       381 10      1,306 10
Bersimis          1,200    500    5,000 810 00      15,690 96 ...     108,000   3,500     4,830 70    139,531 66
Cacouna           ...      ...    2,500 ...         253 26    100     350       2,000     467 20      5,670 46
Caughnawaga       30,000   3,000 140,000 9,310 08 ...         ...     ...       25,000    150 04      207,460 12
Jeune Lorette     ...      ...    32,000 ...        ...       ...     2,600     29,400    1,003 38    65,003 38
Maniwaki          8,292    340    33,004 430 00     4,445 84 148      31,190    1,884     3,429 12    83,162 96
Maria             280      175    1,200 ...         ...       200     450       800       ...         3,105 00
Mingan            ...      ...    ...     ...       ...       100     8,000     ...       ...         8,100 00
Oka               7,500    2,000 15,000 16 00       362 11    100     200       1,000     410 63      26,588 74
Pierreville       2,000    1,500 1,000 491 00       ...       ...     500       5,000     307 62      10,798 62
Pointe Bleue      19,000   3,000 20,000 401 00      1,076 00 1,500    65,000    5,000     638 57      115,615 57
Restigouche       11,500   700    8,000 210 00      654 76    150     125       300       278 48      21,913 24
Seven Islands     ...      ...    1,500 ...         ...       ...     25,000    1,500     ...         28,000 00
St. Regis         6,500    13,000 133,000 161 06    ...       4,100   4,250     23,900    3,243 38    188,154 44
Timiskaming       6,300    120    8,000 97 00       ...       300     30,000    1,000     2,178 14    47,995 14
Total             92,732   24,455 400,454 11,926 14 22,482 93 6,718   275,665   100,659   17,313 36   952,405 43
SASKATCHEWAN ...           ...    ...     ...       ...       ...     ...       ...       ...         ...
Assiniboine       17,369   414    1,768 ...         ...       ...     1,842     11,708    1,852 74    34,953 74
Battleford        56,900   5,150 47,600 2,958 00 ...          4,950   22,100    4,950     13,488 49   158,096 49
Carlton           74,933   8,289 9,353 61 00        ...       625     15,375    11,135    21,910 22   141,681 22
Crooked Lake      51,240   2,459 5,250 1,212 09 5 00          ...     3,350     400       29,074 79   92,990 88
Duck Lake         79,015   5,550 11,200 ...         ...       800     12,840    15,700    8,515 42    133,620 42
File Hills Agency 9,100    1,400 900      ...       20 00     ...     3,000     3,200     1,892 02    19,512 02

