=== TABLE HEADER (the column definitions of this table, printed once at the start of the statement; use to name the columns) ===

TABLE NO. 5 - VALUE OF REAL AND PERSONAL PROPERTY AND PROGRESS DURING THE YEAR

                                             Value of                                                    Progress During the Year 1928
                                                                  Value                     Total
               Total       Value             Public    Value of           Value
                                   Value of                       of Live         Value of Value of                             Total
               Value of    of                Buildings Implements         of                             Value of New Value of
Agencies                           Private                        Stock           Household Real and                            Increase
               Lands in    Private           Property and                 General                        Land         Buildings
                                   Buildings                      and             Effects   Personal                            in
               Reserves    Fencing           of the    Vehicles           Effects                        Improvements Erected
                                                                  Poultry                   Property                            Value
                                             Band
ALBERTA        $           $       $         $         $          $       $       $         $            $             $         $
Blackfoot      3,000,000   24,000 312,000 84,000       125,000    180,000 8,500 26,000      3,759,500    500           23,785    24,285
Blood          7,081,720   31,880 80,000     22,100    161,000    54,000 37,200 28,700      7,496,600    2,764         1,500     4,264
Edmonton       1,080,100   16,850 91,050     9,425     35,280     25,700 5,463 13,285       1,277,153    2,165         2,750     4,915
Hobbema        1,528,480   31,277 42,820     ...       84,769     76,285 12,081 8,715       1,784,427    18,860        1,200     20,060
Lesser Slave
               2,393,302 14,275 53,650        ...       21,840    70,120 49,950 31,400       2,634,537 ...             ...       ...
Lake
Peigan      987,840    4,687 40,537           10,230    54,290    130,530 16,117 11,286      1,255,517 2,750           2,550     5,300
Saddle Lake 718,208    2,855 23,800           ...       21,355    41,061 5,290 6,985         819,554    2,341          300       2,641
Sarcee      1,180,420 11,000 21,000          

=== EXTRACT FROM HERE (pages 121-125) ===

TABLE NO. 5 - VALUE OF REAL AND PERSONAL PROPERTY AND PROGRESS DURING THE YEAR

                                             Value of                                                    Progress During the Year 1928
                                                                  Value                     Total
               Total       Value             Public    Value of           Value
                                   Value of                       of Live         Value of Value of                             Total
               Value of    of                Buildings Implements         of                             Value of New Value of
Agencies                           Private                        Stock           Household Real and                            Increase
               Lands in    Private           Property and                 General                        Land         Buildings
                                   Buildings                      and             Effects   Personal                            in
               Reserves    Fencing           of the    Vehicles           Effects                        Improvements Erected
                                                                  Poultry                   Property                            Value
                                             Band
ALBERTA        $           $       $         $         $          $       $       $         $            $             $         $
Blackfoot      3,000,000   24,000 312,000 84,000       125,000    180,000 8,500 26,000      3,759,500    500           23,785    24,285
Blood          7,081,720   31,880 80,000     22,100    161,000    54,000 37,200 28,700      7,496,600    2,764         1,500     4,264
Edmonton       1,080,100   16,850 91,050     9,425     35,280     25,700 5,463 13,285       1,277,153    2,165         2,750     4,915
Hobbema        1,528,480   31,277 42,820     ...       84,769     76,285 12,081 8,715       1,784,427    18,860        1,200     20,060
Lesser Slave
               2,393,302 14,275 53,650        ...       21,840    70,120 49,950 31,400       2,634,537 ...             ...       ...
Lake
Peigan      987,840    4,687 40,537           10,230    54,290    130,530 16,117 11,286      1,255,517 2,750           2,550     5,300
Saddle Lake 718,208    2,855 23,800           ...       21,355    41,061 5,290 6,985         819,554    2,341          300       2,641
Sarcee      1,180,420 11,000 21,000           35,000    10,000    34,075 2,000 2,000         1,295,495 500             500       1,000
Stony       441,290    8,000 16,000           900       13,000    34,800 8,142 10,000        532,132    ...            ...       ...
Total       18,411,360 144,824 680,857        161,655   526,534   646,571 144,743 138,371    20,854,915 29,880         32,585    62,465
BRITISH
            ...        ...     ...            ...       ...       ...      ...      ...      ...         ...           ...       ...
COLUMBIA
Babine         124,300     12,910 151,100     14,350    27,050    80,350 63,300 34,000       507,360     4,500         4,500     9,000
Bella Coola    352,600     2,500 129,500      15,100    28,500    16,820 138,000 62,000      745,020     2,000         9,500     11,500
Cowichan    1,757,300      118,900 187,800    12,300    113,150   45,250   76,700   81,550   2,392,950   1,450         5,375     6,825
Kamloops    931,080        24,329 31,845      20,200    32,900    46,465   10,850   11,500   1,109,169   ...           887       887
Kootenay    471,980        11,860 20,335      117,700   24,660    86,555   8,190    7,150    748,430     1,915         ...       1,915
Kwawkewlth 246,190         2,280 185,600      4,400     85,500    448      75,800   76,000   676,218     ...           9,500     9,500
Lytton      940,666        20,135 76,635      24,580    41,019    74,285   10,405   19,735   1,207,460   4,500         2,150     6,650
New
            847,438        20,145 62,150      22,800    34,300    36,600 23,790 26,000       1,073,223 ...             ...       ...
Westminster
Nicola         1,346,535 26,972 52,047        26,038    48,575    121,368 6,550 9,550        1,637,635 300             2,235     2,535
Okanagan       1,919,260 23,250 114,000       36,000    51,500    173,500 13,750 21,000      2,352,260 6,500           2,250     8,750
Queen
               70,000      1,045    80,000    1,500     6,900     4,000    41,000 28,000     232,445     ...           8,000     8,000
Charlotte
Skeena River 1,066,821     10,000   294,000   118,000   5,850     6,750    248,500 67,850    1,817,771   1,000         7,500    8,500
Stikine      2,075         40       22,170    ...       6,168     2,375    15,426 27,333     75,587      ...           ...      ...
Stuart Lake 259,571        16,615   92,400    25,200    15,460    33,220   22,850 26,715     492,031     1,100         ...      1,100
Vancouver    1,695,495     5,900    114,650   68,950    17,470    8,270    22,600 27,450     1,960,785   ...           ...      ...
West Coast 112,500         3,720    112,650   4,175     3,978     3,405    60,150 31,080     331,658     500           3,270    3,770
Williams
             466,120       53,600 29,700      8,000     22,400    101,200 11,100 12,800      704,920     5,600         400       6,000
Lake
Total          12,609,931 354,201 1,756,582 519,293     565,380   840,861 848,961 569,713    18,064,922 29,365         55,567    84,932

<!-- page 122 -->
MANITOBA ...           ...     ...       ...       ...       ...      ...      ...      ...         ...   ...      ...
Birtle       502,417   2,455   30,600    2,800     21,875    38,250   4,900    4,260    607,557     860   3,875    4,735
Clandeboye 449,009     7,460   177,000   19,000    18,470    30,900   14,500   25,050   741,389     ...   7,400    7,400
Fisher River 847,849   9,920   44,460    11,800    16,604    53,356   20,832   16,600   1,021,421   539   1,075    1,614
Griswold     217,040   1,135   16,975    8,710     29,800    24,850   2,680    5,650    306,840     103   168      271
Manitowapah 366,101    2,390   51,050    42,550    17,125    75,475   14,550   12,650   581,891     300   9,850    10,150
Norway
             133,008   710     46,600    8,200     1,570     14,900 51,500 14,600       271,088     ...   1,050    1,050
House
Pas          270,450   5,180   43,600    13,600    5,200     21,860 68,300 20,500       448,690     ...   ...      ...
Portage la
             199,040   2,900   19,150    13,500    12,500    14,460 1,200      3,000    265,750     581   4,150    4,731
Prairie
Total        2,984,914 32,150 429,435    120,160   123,144   274,051 178,462 102,310    4,244,626 2,383   27,568   29,951

<!-- page 123 -->
                                             Value of                                       Total    Progress During the Year 1928
                                                                  Value
                  Total    Value             Public    Value of           Value             Value
                                   Value of                       of Live         Value of
                  Value of of                Buildings Implements         of                of Real Value of New Value of Total
Agencies                           Private                        Stock           Household                                   Increase
                  Lands in Private           Property and                 General           and      Land          Buildings
                                   Buildings                      and             Effects
                  Reserves Fencing           of the    Vehicles           Effects           Personal Improvements Erected in
                                                                  Poultry                                                     Value
                                             Band                                           Property
NEW
                  $        $       $         $         $          $       $       $          $        $             $         $
BRUNSWICK
Northern
                  19,060   130     11,500    42,000    1,500      1,800   525     3,800      80,315   ...           ...       ...
Division
Northeastern
                  45,048   2,328   28,921    35,682    5,244      4,310   6,000   16,490     144,023 ...            600       600
Division
Southwestern
                  6,900    470     17,530    16,200    500        185     1,240   1,675      44,700   ...           10,800    10,800
Division
Total       71,008         2,928   57,951    93,882    7,244      6,295   7,765   21,965     269,038 ...            11,400    11,400
NORTHWEST
            ...            ...     ...       ...       ...        ...     ...     ...        ...      ...           ...       ...
TERRITORIES
Fort Resolution   ...      ...     ...       ...       ...        92,500 34,700 24,000       151,200 ...            ...       ...
NOVA
                  ...      ...     ...       ...       ...        ...     ...     ...        ...      ...           ...       ...
SCOTIA
Annapolis         400      ...     1,850     ...       300        75      300     400        3,325    ...           ...       ...
Antigonish and
                  6,000    950     3,800     3,000     425        575     295     475        15,520   ...           ...       ...
Guysboro
Cape Breton
                  10,000   200     1,400     5,000     750        1,400   875     925        20,550   250           400       650
(Eskasoni)
Cape Breton
                  20,000   ...     21,000    2,500     25         25      250     2,000      45,800   ...           ...       ...
(Sydney)
Colchester        3,000    200     6,500     1,000     800        550     400     550        13,000   ...           ...       ...
Cumberland        1,600    20      800       100       100        153     210     25         3,008    ...           ...       ...
Digby             1,800    60      2,500     2,000     ...        ...     300     3,500      10,160   ...           319       319
Halifax           2,300    1,400   6,300     ...       1,075      1,975   800     2,350      16,200   ...           ...       ...
Hants (Indian
                  5,550    146     620       3,000     200        560     147     396        10,519   ...           ...       ...
Brook)
Hants (Windsor) 10,500     ...     1,500     ...       500        300    400      500        13,700 ...             ...       ...
Inverness       9,725      1,100   16,400    5,500     575        2,550 750       860        37,460 ...             50        50
Kings           4,400      100     1,200     ...       50         100    150      400        6,400   ...            ...       ...
Lunenburg       3,500      350     3,000     100       500        750    500      600        9,300   ...            ...       ...
Pictou          2,500      40      9,400     8,400     400        110    872      1,650      23,372 ...             ...       ...
Queens          2,500      100     2,000     ...       125        260    325      1,000      6,310   ...            ...       ...
Richmond        7,000      250     3,850     12,000    1,000      2,250 1,000     800        28,150 900             600       1,500
Shelburne       ...        ...     2,350     ...       550        550    550      800        4,800   ...            ...       ...
Victoria        6,500      290     2,550     3,250     550        500    500      450        14,590 30              10        40
Yarmouth        500        15      ...       ...       300        ...    300      200        1,315   ...            ...       ...
Total           97,775     5,221   87,020    45,850    8,225      12,683 8,924    17,881     283,579 1,180          1,379     2,559

<!-- page 124 -->
ONTARIO            ...       ...      ...       ...      ...      ...    ...      ...      ...     ...     ...      ...
Alnwick            76,500    5,000    37,000    8,000    4,000    9,000 2,850     15,000   157,350 ...     1,000    1,000
Cape Croker        150,000   8,420    72,500    35,250   15,300   29,700 7,250    7,000    325,420 ...     1,250    1,250
Caradoc            150,350   14,400   116,950   36,200   25,650   38,300 3,900    32,700   418,450 750     450      1,200
Chapleau           18,400    350      35,000    1,000    ...      ...    5,000    ...      59,750 ...      ...      ...
Christian Island   35,700    1,960    8,850     7,150    3,250    7,300 2,000     3,275    69,485 70       100      170
Fort Frances       200,035   1,500    33,600    8,5000   19,032   8,150 7,800     11,500   290,117 3,000   1,000    4,000
Fort William       182,490   600      31,500    11,300   2,799    7,470 11,067    8,000    255,196 ...     9,500    9,500
Georgina Island    32,150    350      8,500     5,500    1,100    3,000 5,500     1,800    57,900 ...      ...      ...
Golden Lake        3,000     700      4,000     3,100    1,000    2,000 3,000     3,000    19,800 ...      ...      ...
Gore Bay           35,000    15,020   30,000    26,550   11,350   16,945 7,200    16,200   158,265 140     700      840
Kenora             142,495   1,005    51,600    250      8,494    6,420 39,405    28,150   277,819 ...     ...      ...
Manitowaning       247,000   22,675   70,775    36,850   46,800   42,150 19,750   42,605   528,605 620     1,100    1,720
Moravian           60,000    4,000    20,000    7,500    8,000    8,500 20,000    2,000    130,000 500     300      800
New Credit         225,000   11,500   50,900    9,500    10,750   19,400 900      15,000   342,950 ...     275      275
Parry Sound        122,000   950      20,900    19,300   12,200   13,500 7,621    16,000   212,471 ...     5,000    5,000
Rama               50,000    4,100    29,950    30,000   4,500    1,725 2,000     7,500    129,775 ...     16,500   16,500
Rice Lake          119,500   3,700    65,000    13,000   9,500    20,000 7,900    10,200   248,800 200     2,000    2,200

<!-- page 125 -->
                                              Value of                                                  Progress During the Year 1928
                                                                   Value                     Total
                   Total    Value             Public    Value of           Value
                                    Value of                       of Live         Value of Value of                           Total
                   Value of of                Buildings Implements         of                           Value of New Value of
Agencies                            Private                        Stock           Household Real and                          Increase
                   Lands in Private           Property and                 General                      Land         Buildings
                                    Buildings                      and             Effects   Personal                          in
                   Reserves Fencing           of the    Vehicles           Effects                      Improvements Erected
                                                                   Poultry                   Property                          Value
                                              Band
ONTARIO -
                   $        $       $         $         $         $       $       $          $          $             $         $
Concluded
Sarnia           550,000 6,700 55,735        25,000     15,275    14,200 2,500 9,350         678,760 75               1,000     1,075
Saugeen          80,000    2,000 20,600      30,000     8,100     12,300 2,200 4,500         159,700 ...              600       600
Sault Ste. Marie 54,900    2,825 27,000      31,000     7,175     15,400 10,000 13,500       161,800 ...              ...       ...
Savanne          126,166 415       19,800    100        6,725     420     46,655 28,950      229,231 ...              ...       ...
Scugog           60,000    2,000 2,000       500        400       500     300     950        66,650    ...            ...       ...
Six Nations      1,092,400 436,960 678,500 65,000       287,900   271,800 14,200 72,000      2,918,760 ...            4,500     4,500
Sturgeon Falls   242,290 2,350 58,700        19,000     6,300     17,600 24,000 45,000       415,240 ...              2,500     2,500
Thessalon        129,064 9,705 14,700        12,800     5,825     12,650 12,633 8,565        205,942 ...              200       200
Tyendinaga       645,300 134,825 111,000 44,800         42,800    80,000 2,645 55,800        1,117,170 ...            2,500     2,500
Walpole Island   125,000 9,200 65,565        18,500     12,800    17,945 4,100 21,150        274,260 200              1,150     1,350
Total            4,954,710 703,210 1,740,625 505,650    577,025   676,375 272,376 479,695    9,909,666 5,555          51,625    57,180
PRINCE
                 20,000    1,650 10,500      10,000     1,100     2,000   3,000   2,700      50,950     20            400       420
EDWARD ISLAND
QUEBEC        ...       ...         ...       ...       ...       ...     ...     ...        ...       ...            ...      ...
Bécancour     4,000     310         800       ...       280       865     190     500        6,945     ...            200      200
Bersimis      51,000    675         54,300    33,000    900       3,250 8,700 14,000         165,825 ...              ...      ...
Cacouna       6,000     ...         2,350     ...       350       ...     1,030 4,285        14,015    ...            ...      ...
Caughnawaga   800,000 8,000         500,000   100,000   75,000    60,000 30,000 120,000      1,693,000 700            40,000   40,700
Jeune Lorette 32,000    600         56,500    31,000    14,000    1,475 2,000 22,000         159,575 ...              1,500    1,500
Maniwaki      36,140    4,690       25,335    2,095     12,350    12,613 6,710 13,190        113,123 195              1,050    1,245
Maria         20,000    560         6,000     5,000     1,200     750     750     3,150      37,410    ...            ...      ...
Mingan        ...       ...         2,000     5,600     ...       ...     4,500 800          12,900    ...            ...      ...
Oka           30,000    3,000       20,000    3,000     4,000     9,000 ...       5,000      74,000    400            3,400    3,800
Pierreville   35,000    1,000       62,500    2,500     1,200     2,500 2,000 16,000         122,700 ...              500      500
Pointe Bleue  46,000    6,000       42,500    14,000    17,500    10,250 15,000 15,000       166,250 ...              600      600
Restigouche   173,000 12,100        56,000    ...       15,000    10,000 18,000 16,000       300,100 ...              ...      ...
Seven Islands 1,500     25          9,800     4,000     1,500     ...     6,000 14,000       36,825    ...            1,000    1,000
St. Regis     250,000 2,450         114,000   17,000    13,100    39,000 11,000 38,100       484,650 250              3,500    3,750
Timiskaming   35,000    1,700       9,000     1,700     2,200     3,500 7,50      3,500      64,100    ...            ...      ...
Total         1,519,640 41,110      961,085   218,895   158,580   153,203 113,380 285,525    3,451,418 1,545          51,750   53,295
SASKATCHEWAN ...        ...         ...       ...       ...       ...     ...     ...        ...       ...            ...      ...
Assiniboine   427,924 4,079         19,721    3,949     19,922    36,458 701      10,679     523,433 300              3,320    3,620
Battleford    3,313,008 35,900      77,700    5,500     79,600    84,660 22,250 24,600       3,643,218 2,780          3,550    6,330
Carlton       1,800,117 10,191      38,660    2,300     23,725    83,905 4,700 5,075         1,968,673 7,590          350      7,940

