=== TABLE HEADER (the column definitions of this table, printed once at the start of the section; use to name the columns) ===
<!-- page 45 -->
RECAPITULATION - APPROPRIATION ACCOUNTS, 1920 - 21

Vote                         Grant        Expenditure Grant not used Grant exceeded
...                          $ cts.       $ cts.       $ cts.        $ cts.
Civil Government             153,175 00 144,172 04 9,002 96          ...
Annuities                    205,290 00 184,439 00 20,851 00         ...
Prince Edward Island         3,725 00     3,722 70     2 30          ...
Nova Scotia                  48,300 00    46,083 19    2,216 81      ...
New Brunswick                23,284 00    22,278 27    5 73          ...
Ontario and Quebec           105,275 00 105,420 72 ...               145 72
Man., Sask, Alta., and N.W.T 575,699 00 575,696 40 2 60              ...
British Columbia             210,750 00 210,739 34 10 66             ...
Yukon                        16,500 00    15,919 04    580 96        ...
General                      133,000 00 132,999 32 0 68              ...
Indian education             1,112,415 00 1,112,409 63 5 37          ...
Total                        2,586,413 00 2,553,879 65 32,679 07     145 72

INDIAN TRUST FUND

Showing transaction in connection with the fund during the year ended March 31, 1921: -

Service                                                                 Debit          Credit
Balance March 31, 1921                                                  ...            $10,900,057 06
Collections on land sales, timber and stone dues, rents, fines and fees ...            1,386,593 38
Interest for year ended March 31, 1920                                  ...            555,901 29
Legislative grants to supplement the funds                              ...            4,100 00
Outstanding cheques, 1918 - 19                                          ...            75 87
Credit transfers during the year                                        ...            5,000 00
Expenditures during the year                                            $1,393,066 61 ...
Balance March 31, 1921                                                  11,458,660 99 ...
...                                                                     $12,851,727 60 $12,851,727 60

EDUCATION*

*The general statement of schools throughout the Dominion is shown at the end of the statistical statements.

A total of 326 Indian schools, of all classes, were in operation during the year, namely, 253 day, 58 boarding, and 15
industrial. In the tabular statements, in Part II of this report, will be fou

=== CONTEXT (do NOT extract rows from this part; use only to identify the section headers in effect) ===
ss River  300,665     9,700 110,700      46,500    1,100     4,800     65,000   19,700    558,165     ...          ...       ...
New
            1,614,305   12,851 141,000     59,700    13,000    56,415    47,290 63,200      2,006,761 ...            ...       ...
Westminster
Okanagan      1,920,230 41,250 191,000     27,000    45,500    266,250   10,700 30,000      2,531,930 11,750         10,050    21,800
Queen
              95,000    1,350    33,000    2,000     35,000    5,000     18,000 19,000      208,350     4,000        2,250     6,250
Charlotte
Skeena River 700,156    6,750    186,500   50,790    2,400     720       75,000   29,000    1,051,316   500          2,500     3,000
Stikine      2,075      60       19,790    ...       5,115     1,480     15,920   28,855    73,295      ...          ...       ...
Stewart Lake 245,790    11,500   80,770    24,650    10,010    43,265    2,240    21,580    439,805     2,125        2,840     4,965
West Coast 114,000      3,635    107,500   ...       1,410     4,430     60,400   31,650    323,025     30           900       930
Williams
             829,910    23,165 42,200      7,000     28,350    80,730    8,310    12,250    1,031,915 3,350          ...       3,350
Lake
Total    12,812,697 329,986 1,608,145 434,120        393,356   1,099,889 567,920 499,140    17,775,253 45,330        50,040    95,370
MANITOBA ...        ...     ...       ...            ...       ...       ...     ...        ...        ...           ...       ...



=== EXTRACT FROM HERE (pages 85-88) ===
<!-- page 85 -->
Birtle       629,275   1,365    16,550   1,260    16,820    34,330    2,685    2,870    705,155   105     545      650
Clandeboye 304,150     2,400    51,525   550      5,050     35,225    11,050   15,600   425,550   ...     ...      ...
Fisher River 810,460   13,375   65,850   11,800   16,575    30,200    13,750   25,350   987,360   490     3,600    4,090
Griswold     214,075   1,045    16,320   7,200    25,700    23,350    2,350    4,000    294,040   ...     ...      ...
Manitowapah 270,180    2,370    29,025   15,250   14,185    74,560    14,500   12,050   432,120   ...     650      650
Norway
             52,416    580      43,240   500      730       2,675     47,600 14,600     162,341   20      200      220
House
Pas          266,050   4,100    36,500   9,600    6,400     29,800    67,720 20,500     440,670   ...     5,000    5,000
Portage la
             354,040   3,450    9,375    9,900    19,550    23,750    1,550    4,050    425,665   1,700   400      2,100
Prairie
Total        2,900,646 28,685 268,385    56,060   105,010   253,890   161,205 99,020    3,872,901 2,315   10,395   12,710

<!-- page 86 -->
                                          Value of                                                  Progress During Year 1920
                                                               Value                     Total
               Total    Value             Public    Value of           Value
                                Value of                       of Live         Value of Value of                           Total
               Value of of                Buildings Implements         of                           Value of New Value of
Agencies                        Private                        Stock           Household Real and                          Increase
               Lands in Private           Property and                 General                      Land         Buildings
                                Buildings                      and             Effects   Personal                          in
               Reserves Fencing           of the    Vehicles           Effects                      Improvements Erected
                                                               Poultry                   Property                          Value
                                          Band
NEW
          ...            ...      ...      ...      ...       ...      ...      ...      ...        ...          ...       ...
BRUNSWICK
Northern
               17,460    150      11,900   11,200   1,100     1,840    530      3,000    47,180     150          150       300
Division
Northeastern
               46,240    2,285    28,000   32,600   5,100     6,125    7,000    17,250   144,600    200          500       700
Division
Southwestern
               6,900     205      9,125    1,600    400       695      1,242    1,625    21,792     ...          ...       ...
Division
Total          70,600    2,640    49,025   45,400   6,600     8,660    8,772    21,875   213,572    350          650       1,000
NOVA
               ...       ...      ...      ...      ...       ...      ...      ...      ...        ...          ...       ...
SCOTIA
Annapolis      1,000     100      1,300    ...      100       ...      100      150      2,750      50           100       150
Antigonish and
               7,700     1,040    2,150    3,000    150       540      300      600      15,480     100          100       200
Guysboro
Cape Breton
               16,000    1,000    3,500    4,000    1,000     2,000    1,000    1,000    29,500     200          300       500
(Eskasoni)
Cape Breton
               8,500     ...      5,000    ...      ...       ...      1,500    1,250    16,250     100          50        150
(Sydney)
Colchester     2,000     200      4,500    1,000    500       800      500      500      10,000     75           75        150
Cumberland     1,300     ...      1,000    ...      200       200      200      100      3,000      100          50        150
Digby          1,750     75       2,075    2,000    100       150      450      1,000    7,600      50           25        75
Halifax        3,000     940      4,950    ...      350       1,650    1,130    2,500    14,520     150          250       400
Hants          12,000    500      5,500    2,750    2,000     2,250    1,000    2,000    28,000     100          75        175
Inverness      10,000    1,200    10,000   4,000    600       7,250    600      900      34,550     250          100       350
Kings          4,500     200      2,000    ...      300       700      1,000    1,000    9,700      100          100       200
Lunenburg      4,000     300      9,000    1,000    1,000     2,400    700      1,700    20,100     150          225       375
Pictou         2,300     300      5,000    ...      300       1,000    3,300    100      12,300     200          225       425
Queens         1,000     700      3,000    12,000   1,000     1,500    1,500    1,000    21,700     100          125       225
Richmond       7,000     400      3,500    12,000   1,050     2,500    1,100    900      28,450     150          400       550
Shelburne      ...       ...      1,000    ...      100       100      450      500      2,150      100          100       200
Victoria       6,500     400      2,400    3,200    400       1,600    700      750      15,950     150          120       270
Yarmouth       150       ...      150      ...      50        ...      ...      300      650        50           100       150
Total          88,700    7,355    66,025   44,950   9,200     24,640   15,530   16,250   272,650    2,175        2,520     4,695
ONTARIO        ...       ...      ...      ...      ...       ...      ...      ...      ...        ...          ...       ...
Alnwick        75,000    5,500    24,000   4,000    5,800     9,300    1,600    9,000    134,200    1,500        2,000     3,500
Cape Croker    125,000   6,000    52,000   30,000   5,500     25,000   6,000    6,000    255,500    2,000        2,500     4,500
Caradoc        146,000   16,600   97,500   ...      25,300    30,850   1,000    31,200   348,450    1,200        5,000     6,200

<!-- page 87 -->
Chapleau         18,400    350      11,000   800       ...       200      5,000    ...      35,750    100      150      250
Christian
                 29,500    1,100    8,000    6,500     2,500     7,900    3,000    2,800    61,300    250      3,000    3,250
Island
Fort Frances     245,453   1,000    24,000   8,300     12,360    8,800    6,980    8,400    315,293   5,000    ...      5,000
Fort William     176,000   500      25,000   3,000     1,900     5,500    7,000    8,000    226,900   500      ...      500
Georgina
                 33,000    1,000    8,000    1,400     1,840     5,100    2,000    1,700    54,040    100      300      400
Island
Golden Lake      3,000     700      4,000    3,100     1,200     2,100    2,000    3,000    19,100    500      100      600
Gore Bay         80,000    15,020   30,000   32,700    10,400    22,565   14,900   16,100   221,685   650      625      1,275
Kenora           123,161   975      41,520   400       4,987     6,845    27,594   19,993   225,475   24       1,220    1,244
Manitowaning     247,000   20,635   68,550   32,750    47,575    67,970   20,620   45,300   550,400   1,550    3,000    4,550
Moravian         95,300    5,895    32,000   6,000     10,000    20,000   1,200    1,200    171,595   4,000    145      4,145
New Credit       216,000   11,500   48,500   10,000    12,700    27,000   800      14,300   340,800   525      450      975
Parry Sound      121,000   950      23,900   17,300    4,460     20,000   7,250    17,500   212,360   ...      2,000    2,000
Rama             50,000    4,000    20,400   13,200    2,000     3,400    2,000    7,250    102,250   1,000    200      1,200
Rice Lake        115,000   3,200    45,000   10,500    7,500     24,750   7,250    12,000   225,200   500      100      600
Sarnia           628,267   14,843   85,135   27,500    23,999    45,590   5,700    30,000   861,034   ...      3,000    3,000
Saugeen          75,000    1,600    15,000   25,000    4,000     16,000   2,000    5,000    143,600   ...      1,000    1,000
Sault Ste.
                 50,400    2,600    27,000   25,500    6,650     14,750 9,520      12,775   149,195   425      100      525
Marie
Savanne          101,885 278       100       8,275     3,137     470     29,336 18,022      161,503 ...        325      325
Scugog           68,000    1,798 2,000       500       500       1,010 300       950        75,058    100      100      200
Six Nations      1,092,400 436,960 678,000 58,000      295,000   298,750 4,500 76,150       2,939,760 ...      5,000    5,000
Sturgeon Falls   242,190 2,350 41,000        11,500    5,300     14,400 17,000 37,000       370,740 650        4,500    5,150
Thessalon        129,064 9,685 12,600        10,000    4,060     9,695 12,433 8,163         195,700 300        1,400    1,700
Tyendinaga       645,300 134,825 97,000      44,800    42,755    84,335 2,645 55,800        1,107,460 250      100      350
Total            4,931,320 699,864 1,521,205 391,025   541,423   772,280 199,628 447,603    9,504,348 21,124   36,315   57,439
PRINCE
EDWARD           20,000    1,800    11,000   11,000    1,200     3,500    3,250    3,800    55,550    100      1,000    1,100
ISLAND

<!-- page 88 -->
                                                  Value of                                                    Progress During Year 1920
                                                                       Value                     Total
                    Total       Value             Public    Value of           Value
                                        Value of                       of Live         Value of Value of                             Total
                    Value of    of                Buildings Implements         of                             Value of New Value of
Agencies                                Private                        Stock           Household Real and                            Increase
                    Lands in    Private           Property and                 General                        Land         Buildings
                                        Buildings                      and             Effects   Personal                            in
                    Reserves    Fencing           of the    Vehicles           Effects                        Improvements Erected
                                                                       Poultry                   Property                            Value
                                                  Band
QUEBEC              ...         ...     ...       ...       ...        ...     ...     ...       ...          ...          ...       ...
Becancourt          5,000       160     3,500     ...       300        1,200 50        110       10,320       100          125       225
Bersimis            36,000      500     18,000    2,000     200        1,200 5,000 7,000         69,900       150          50        200
Cacouna             ...         ...     3,650     ...       150        200     ...     1,230     5,230        75           75        150
Caughnawaga,        750,500     9,250 425,500 70,500        40,500     132,000 22,000 70,000     1,520,250    500          10,500    11,000
Jeune Lorette       27,000      500     43,000    25,000    2,000      1,200 1,200 12,000        111,900      ...          3,000     3,000
Maniwaki            32,745      4,060 16,965      2,095     9,473      13,146 6,535 12,190       97,209       500          1,415     1,915
Maria               23,000      600     2,000     3,500     1,000      1,000 500       2,000     33,600       175          100       275
Mingan              ...         ...     4,000     2,000     ...        ...     7,525 5,000       18,525       50           100       150
Oka           ...               4,000    40,000    3,500     10,000    20,000 ...       5,000     82,500      700          200       900
Pierreville   32,000            1,200    60,000    2,500     1,000     4,000 2,000      15,000    117,700     500          150       650
Pointe Bleue  35,000            5,000    27,000    6,000     6,000     10,000 15,000    10,000    114,000     100          600       700
Restigouche   173,000           12,400   50,800    ...       15,000    10,000 18,000    17,000    296,200     50           75        125
Seven Islands 500               ...      3,000     1,500     ...       ...     6,000    12,000    23,000      100          100       200
St. Regis     230,000           2,000    80,000    15,000    10,000    30,000 2,000     17,500    386,500     250          100       350
Timiskaming   25,000            1,000    7,700     1,000     2,000     7,000 1,000      1,500     46,200      100          700       800
Total         1,369,745         40,670   785,115   134,595   97,623    230,946 86,810   187,530   2,933,034   3,350        17,290    20,640
SASKATCHEWAN ...                ...      ...       ...       ...       ...     ...      ...       ...         ...          ...       ...
Assiniboine   415,855           6,375    19,110    3,400     20,015    65,275 1,110     6,750     537,890     5,950        650       6,600
Battleford          1,526,518   12,900   26,225    200       48,300    101,490 10,250   15,100    1,740,983   1,735        1,400     3,135
Carlton             1,545,225   12,945   64,380    32,500    29,910    11,310 8,055     16,880    1,721,205   1,300        45        1,345
Crooked Lake        1,086,662   34,000   56,920    8,800     51,750    94,700 3,800     12,500    1,349,132   4,860        6,800     11,660
Duck Lake           1,832,310   27,264   41,600    17,900    38,118    109,242 4,521    12,502    2,083,457   1,280        2,050     3,330
File Hills Agency   60,750      6,300    13,700    300       11,100    24,100 1,600     5,700     123,550     ...          ...       ...
File Hills Colony   376,800     500      55,000    ...       20,000    31,000 500       7,000     490,800     275          ...       275
Moose Mountain      250,800     2,500    9,500     2,500     9,700     30,000 27,000    4,500     336,500     900          150       1,050
Moose Woods         65,000      1,000    4,750     750       5,500     30,000 500       5,000     112,500     50           100       150
Onion Lake          2,122,110 17,500 41,520        4,000     23,560    78,120 8,735     13,000    2,308,545 1,510          200       1,710
Pelly               669,824    4,200 28,525        3,700     24,475    40,860 4,600     12,850    789,034    150           300       450
Qu'Appelle          950,000    7,500 35,750        4,800     42,000    135,000 3,950    15,000    1,194,000 1,500          3,500     5,000
Touchwood           1,200,000 20,000 38,000        2,000     51,000    140,000 16,000   28,000    1,495,000 5,000          1,500     6,500
Total               12,101,854 152,984 434,980     80,850    375,428   891,097 90,621   154,782   14,282,596 24,510        16,695    41,205

