=== TABLE HEADER (the column definitions of this table, printed once at the start of the statement; use to name the columns) ===

TABLE No. 6: SOURCES AND VALUE OF INCOME

                         Value
                         of
                                                                                        Annuities
               Value of Beef                                       Earned Earned by
                                          Received                                      Earned by
               Farm      sold                      Received Earned by       other                   Total
                                 Wages    from                                          Interest on
Agencies       Products, also of                   from     by     Hunting Industries               Income of
                                 Earned   Land                                          Indian
               including that                      Timber Fishing and       and                     Indians
                                          Rentals                                       Trust
               Hay       used                                      Trapping Occupations
                                                                                        Funds
                         for
                         Food
...            $         $       $        $ cts.     $ cts.     $        $         $        $ cts.      $ cts.

               ...       ...     ...      ...        ...        ...      ...       ...      ...         ...
ALBERTA
Blackfoot      133,638   11,734 4,500     39,247 00 ...         ...      210       16,135   56,022 53   2 61,87 44
Blood          209,000   7,420 25,000     15,889 50 ...         ...      1,000     15,000   7,022 95    280,322 45
Edmonton       42,984    819    10,120    1,128 00 145 08       330      650       425      26,646 78   83,247 86
Hobbema        47,822    1,880 15,753     2,159 80 ...          2,633    88        12,211   14,080 06   96,626 86
Lesser Slave
               46,079    1,575 30,000 ...            ...        9,100    366,750 ...        15,602 52 469,105 52
Lake
Peigan      28,686       8,073 10,000 1,626 80 ...              ...      704       ...      7,090 45 56,180 25
Saddle Lake 24,105       7,215 10,375 ...         ...           1,570    7,000     5,160    4,243 26 59,668 26
Sarcee      9,138        1,733 5,715 ...          ...           ...      300       2,853    847 66     20,586 66
Stony       6,862        1,694 36,009 ...         ...           ...      9,647     8,072    4,154 01 66,438 01
T

=== EXTRACT FROM HERE (pages 118-122) ===

TABLE No. 6: SOURCES AND VALUE OF INCOME

                         Value
                         of
                                                                                        Annuities
               Value of Beef                                       Earned Earned by
                                          Received                                      Earned by
               Farm      sold                      Received Earned by       other                   Total
                                 Wages    from                                          Interest on
Agencies       Products, also of                   from     by     Hunting Industries               Income of
                                 Earned   Land                                          Indian
               including that                      Timber Fishing and       and                     Indians
                                          Rentals                                       Trust
               Hay       used                                      Trapping Occupations
                                                                                        Funds
                         for
                         Food
...            $         $       $        $ cts.     $ cts.     $        $         $        $ cts.      $ cts.

               ...       ...     ...      ...        ...        ...      ...       ...      ...         ...
ALBERTA
Blackfoot      133,638   11,734 4,500     39,247 00 ...         ...      210       16,135   56,022 53   2 61,87 44
Blood          209,000   7,420 25,000     15,889 50 ...         ...      1,000     15,000   7,022 95    280,322 45
Edmonton       42,984    819    10,120    1,128 00 145 08       330      650       425      26,646 78   83,247 86
Hobbema        47,822    1,880 15,753     2,159 80 ...          2,633    88        12,211   14,080 06   96,626 86
Lesser Slave
               46,079    1,575 30,000 ...            ...        9,100    366,750 ...        15,602 52 469,105 52
Lake
Peigan      28,686       8,073 10,000 1,626 80 ...              ...      704       ...      7,090 45 56,180 25
Saddle Lake 24,105       7,215 10,375 ...         ...           1,570    7,000     5,160    4,243 26 59,668 26
Sarcee      9,138        1,733 5,715 ...          ...           ...      300       2,853    847 66     20,586 66
Stony       6,862        1,694 36,009 ...         ...           ...      9,647     8,072    4,154 01 66,438 01
Total       548,314      42,143 147,472 60,052 01 145 08        13,633   386,349   59,856   135,710 22 1,393,674 31

BRITISH      ...         ...     ...      ...        ...        ...      ...       ...      ...         ...
COLUMBIA
Babine       38,030      6,450 63,900 130 00         1,276 18   25,100   78,700    25,650   178 03      229,414 21
Bella Coola 6,050        1,700 14,400 ...            ...        73,000   31,000    68,000   612 26      194,762 26
Cowichan     47,625      3,350 105,750 1,737 07      ...        30,700   1,650     6,800    4,393 56    202,005 63
Kamloops     339,505     ...    19,260 7,273 00      5,852 27   ...      3,650     ...      2,181 59    337,721 86
Kootenay     43,041      9,450 28,900 50 00          2,208 16   1,000    3,425     4,375    60 41       92,509 57
Kwawkewlth 270           ...    30,900 390 00        2,167 44   62,700   5,850     60,900   1,291 06    164,468 50
Lytton       58,260      12,710 90,900 12 00         3,177 74   ...      6,180     10,500   1,041 25    182,780 99
New
             28,535      6,455 48,100 53 78          11,930 02 16,350 7,650        2,000    1,997 83    128,396 63
Westminister
Okanagan       96,250    13,950 24,000 3,486 39 137 93          200      ...       1,100    1,007 11    140,131 43
Queen
               8,000     3,000 32,000 ...            ...        22,000 500         10,000   92 38       75,592 38
Charlotte
Skeena River 40,790      550     60,500   375 00     ...       131,500 96,000      48,500   3,891 28    382,106 28
Stikine      2,320       ...     28,317   ...        ...       12,606 164,824      17,084   ...         225,151 00
Stuart Lake 27,833       7,255   31,700   ...        168 47    15,920 37,275       4,655    2,259 49    127,065 96
Vancouver    3,500       100     30,500   5,749 75   39,566 93 29,000 7,600        21,850   7,418 19    145,284 87

<!-- page 119 -->
West Coast     508      ...     9,300    224 00   75       81,340 663        3,940    89 04       96,064 79
Williams
               45,620   5,000 35,000 ...          ...      ...      25,700   ...      51 20       111,371 20
Lake
Total          786,137 69,970 643,427 24,805 99 66,485 89 501,416 470,667 285,354     26,564 68 2,874,827 56

               ...      ...     ...      ...      ...      ...      ...      ...      ...         ...
MANITOBA
Birtle         23,465   440     3,082    581 20   31 80    495      1,320    3,610    4,049 20    37,074 20
Clandeboye     15,330   1,900   17,250   ...      234 67   12,200   25,800   6,650    12,927 73   92,292 40
Fisher River   38,450   1,600   51,000   100 00   ...      6,200    5,880    10,000   9,575 75    122,805 75
Griswold       16,542   150     6,600    ...      ...      350      3,000    2,050    3 02        28,695 02
Manitowaph     27,240   3,485   17,550   ...      ...      8,850    20,649   6,400    9,896 72    94,070 72
Norway
               4,830    450     20,500 ...        2 00     18,000 185,000 14,700      12,960 00 256,442 00
House
Pas            9,900    1,920 30,500 ...          22,80    12,500 123,000 ...         14,109 79 191,952 59
Portage la
               19,820   265     1,300    721 56   26 95    ...      1,500    1,700    9,021 29    34,354 78
Prairie
Total          155,577 10,210 147,782 1,402 74 318 22      58,595 366,149 45,110      72,543      857,687 46

<!-- page 120 -->
                         Value
                         of
                                                                                           Annuities
               Value of Beef                                          Earned Earned by
                                          Received                                         Earned by
               Farm      sold                      Received   Earned by        other                   Total
                                 Wages    from                                             Interest on
Agencies       Products, also of                   from       by      Hunting Industries               Income of
                                 Earned   Land                                             Indian
               including that                      Timber     Fishing and      and                     Indians
                                          Rentals                                          Trust
               Hay       used                                         Trapping Occupations
                                                                                           Funds
                         for
                         Food
...            $         $       $        $ cts.   $ cts.     $       $        $           $ cts.     $ cts.

NEW       ...           ...     ...       ...      ...        ...     ...      ...         ...        ...
BRUNSWICK
Northern
          2,500         ...     15,000 ...         ...        1,000   1,900    ...         1,497 82   21,897 82
Division
Northeastern
               7,310    180     9,250     ...      678 08     4,425   455      2,300       570 34     25,168 42
Division
Southwestern
               1,100    ...     13,000 ...         ...        150     1,200    2,575       54 62      18,079 62
Division
Total          10,910   180     37,250 ...         678 08     5,575   3,555    4,875       2,122 78   65,145 86

NOVA           ...      ...     ...       ...      ...        ...     ...      ...         ...        ...
SCOTIA
Annapolis      260      ...     230       ...      ...        ...     163      640         697 00     1,990 00
Antigonish and
               900      100     2,500     95 00    ...        575     450      3,200       41 95      7,861 95
Guysboto'
Cape Breton
               2,600    500     995       ...      ...        450     250      2,500       ...        7,295 00
(Eskasoni)
Cape Breton
               ...      ...     15,000 ...         ...        ...     ...      ...         17 03      15,017 03
(Sydney)
Colchester     300      ...     3,500 ...          ...        ...     300      4,500       156 32     8,756 32
Cumberland     100      ...     3,050 ...          ...        ...     150      1,900       91 25      5,291 25
Digby          450      ...     3,000 ...          ...        2,500   450      1,400       ...        7,800 00
Halifax        2,000    2,050   10,5800 ...        ...        200     ...      6,900       452 97     22,102 97
Hants          1,499    ...     3,205 ...          ...        1,000   1,110    755         61 35      7,630 32
Inverness      2,090    120     2,200 ...          ...        2,200   650      5,300       ...        12,560 00
Kings          450      80      3,000 ...          16 00      100     500      450         ...        4,596 00
Lunenburg      1,100    125     1,500 ...          ...        ...     400      2,000       2 47       5,127 47
Pictou         270      ...     2,500 ...          ...        600     800      2,600       ...        6,770 00
Queens         200      100     2,000 100 00       ...        200     250      500         202 94     3,552 94
Richmond       1,590    54      450     ...        ...        175     20       50          ...        2,339 00
Shelbourne     100      ...     1,000 ...          ...        150     375      500         ...        2,125 00
Victoria       1,800    100     3,000 ...          ...        550     700      500         24 15      6,674 15
Yarmouth       ...      ...     100     ...        ...        ...     ...      800         ...        900 00

<!-- page 121 -->
Total            15,709    3,229 57,730 195 00         16 00      8,700    6,568    34,495    1,747 40    128,389 40

                 ...       ...     ...      ...        ...        ...      ...      ...       ...         ...
ONTARIO
Alnwick          7,830     250     8,190    1,690 25   97 39      ...      3,280    210       7,486 09    29,033 73
Cape Croker      10,500    2,500   10,000   200 00     130 30     8,000    200      2,000     22,002 41   55,532 71
Caradoc          40,125    2,800   72,000   3,685 75   18 95      ...      950      3,250     3,371 82    126,201 52
Chapleau         1,500     ...     5,000    ...        ...        500      35,000   ...       13,000 00   55,000 00
Christian
                 6,410     200     4,000    ...        2,450 88   200      600      1,500     8,584 61    150,436 61
Island
Fort Frances     8,725     ...   34,500 300 00         11,627 00 38,200 45,500      3,000     8,584 61 150,436 61
Fort William     1,650     1,500 38,000 50 00          5,067 20 9,000 45,000        ...       10,903 32 111,620 52
Georgina
                 700       500     6,000    ...        ...        250      150      800       1.661 64    10,061 64
Island
Golden Lake      587       75      2,500 132 00     ...           ...      2,000    ...       12 23       5,306 23
Gore Bay         7,090     950     27,000 ...       1,806 04      175      225      ...       9,970 95    47,216 99
Kenora           6,431     ...     54,000 110 00    14,667 90     44,000   62,000   49,000    16,540 90   246,749 80
Manitowaning     22,870    7,190   125,000 ...      2,628 05      4,885    7,625    14,545    22,054 20   206,797 25
Moravian         10,000    500     10,000 ...       ...           100      200      500       5,896 05    27,196 05
New Credit       17,400    3,465   22,350 2,7407 50 ...           ...      400      2,170     5,055 15    53,547 65
Parry Sound      7,450     1,375   36,000 535 00    52,903 64     ...      1,125    ...       11,589 02   110,977 66
Rama             3,500     ...     12,500 65 00     ...           2,000    4,000    5,000     3,495 37    30,560 37
Rice Lake        14,986    4,200   20,000 198 00    ...           1,500    10,300   12,000    3,010 41    66,194 41
Sarnia           28,225    2,530   42,225 1,280 00 151 53         950      775      8,700     17,116 97   101,953 50
Saugeen          7,000     700     17,000 75 00     21 28         1,000    1,500    3,000     12,699 26   42,995 54
Sault Ste.
                 15,400    2,750 18 050 300 00         1,134 07   13,500 22,000     9,500     13,245 42 95,879 49
Marie
Savanne          3,170     ...    43,000 ...        ...        45,000 86,000        17,500    6,110 00 200,780 00
Scugog           200       200    1,000 1,597 00 ...           60      800          1,000     677 39     5,534 39
Six Nations      380,400   ...    140,000 2,857 00 ...         ...     ...          42,450    41,005 54 606,712 54
Sturgeon Falls   12,500    1,200 41,000 ...         157 90     2,300 112,000        15,000    60,043 20 224,201 10
Thessalon        9,550     ...    38,000 150 00     17,487 35 1,400 23,300          1,700     6,645 79 98,233 14
Tyendinaga       90,000    3,000 45,000 6,519 61 ...           2,500 350            1,000     5,930 01 154,299 62
Total            714,199   35,885 872,315 22,902 11 110,349 48 175,520 465,280      193,825   316,465 80 2,906,741 39

<!-- page 122 -->
                              Value
                              of
                                                                                             Annuities
                    Value of Beef                                       Earned Earned by
                                               Received                                      Earned by
                    Farm      sold                      Received Earned by       other                   Total
                                      Wages    from                                          Interest on
Agencies            Products, also of                   from     by     Hunting Industries               Income of
                                      Earned   Land                                          Indian
                    including that                      Timber Fishing and       and                     Indians
                                               Rentals                                       Trust
                    Hay       used                                      Trapping Occupations
                                                                                             Funds
                              for
                              Food
...                 $         $       $        $ cts.    $ cts.   $       $         $         $ cts.     $ cts.

PRINCE        2,208          320     1,100     ...       ...      1,325   60        4,850     ...        9,863 00
EDWARD ISLAND

                    ...      ...     ...       ...       ...      ...     ...       ...       ...        ...
QUEBEC
Bécancour           207      ...    400     ...      ...      ...         ...       430       378 31     1,415 31
Bersimis            1,050    475    5,000 600 00 1,976 28 ...             92,500    3,500     7,437 50   112,538 78
Cacouna             ...      ...    2,500 ...        196 36 50            350       1,800     457 18     5,353 54
Caughnawaga         15,000   2,000 200,000 8,863 74 ...       ...         ...       25,000    715 66     251,579 40
Jeune Lorette       ...      ...    33,000 ...       ...      ...         3,400     29,000    946 64     66,346 64
Maniwaki            8,366    159    34,047 518 50 857 51 130              32,980    1,699     3,041 03   81,798 04
Maria               400      175    1,800 ...        ...      3650        300       600       ...        3,625 00
Mingan              ...      ...    100     ...      ...      ...         6,000     ...       ...        6,100 00
Oka                 7,500    2,000 15,000 75 00      252 80 100           200       1,000     396 53     26,524 33
Pierreville         1,800    1,500 2,000 325 00 ...           ...         700       3,500     282 32     10,108 82
Pointe bleue        19,000   3,000 15,000 200 00 ...          1,200       45,000    3,500     588 63     87,488 63
Restigouche         11,000   1,000 5,700 210 00 1,100 72 100              300       3,500     294 64     23,205 36
Seven Islands       ...      ...    1,200 ...        ...      300         45,000    1,500     ...        48,000 00
St. Regis           6,350    14,000 131,000 436 56 ...        4,300       4,200     23,500    3,253 97   187,040 53
Timiskaming         6,000    250    12,000 ...       36 40    375         30,000    550       2,147 13   51,358 53
Total               76,673   24,559 458,747 11228 80 4,420 07 6,905       260,930   99,079    19,941     962,482 91

                    ...      ...     ...       ...       ...      ...     ...       ...       ...        ...
SASKATCHEWAN
Assiniboine         15,274   130     1,622     ...      ...       ...     1,083     12,536   2,019 34    32,664 34
Battleford          53,617   2,960   32,900    2,697 20 ...       8,950   15,950    4,650    12,932 23   134,656 43
Carleton            39,545   6,252   9,612     ...      ...       296     25,995    12,248   22,912 14   116,860 14
Crooked Lakes       32,736   2,850   4,650     525 42 ...         1,250   3,500     400      30,746 02   76,657 44
Duck Lake           49,583   5,580   11,200    ...      ...       800     16,700    14,500   8,467 93    106,830 93
File Hills Agency   6,400    1,100   1,600     ...      ...       ...     1,800     3,300    ...         16,025 51
File Hills Colony   26,000   1,500   3,000     ...      ...       ...     500       2,000    1,825 51    33,000 00
Isle à la Crosse    ...      ...     ...       ...      ...       3,700   81,430    3,900    11,961 79   100,991 79
Moose Mountain      11,080   1,000   1,000     ...      ...       900     1,500     3,000    3,136 20    21,616 20
Moose Woods         7,500    1,485   2,500     ...      ...       100     800       2,500    ...         14,885 00

