=== TABLE HEADER (the column definitions of this table, printed once at the start of the statement; use to name the columns) ===

TABLE No. 5: VALUE OF REAL AND PERSONAL PROPERTY AND PROGRESS DURING YEAR

                                             Value of                                                   Progress During Year 1922
                                                                  Value                     Total
               Total       Value             Public    Value of           Value
                                   Value of                       of Live         Value of Value of                            Total
               Value of    of                Buildings Implements         of                            Value of New Value of
Agencies                           Private                        Stock           Household Real and                           Increase
               Lands in    Private           Property and                 General                       Land         Buildings
                                   Buildings                      and             Effects   Personal                           in
               Reserves    Fencing           of the    Vehicles           Effects                       Improvements Erected
                                                                  Poultry                   Property                           Value
                                             Band
...            $           $       $         $         $          $       $       $         $           $            $         $

               ...         ...      ...       ...       ...       ...      ...     ...      ...         ...          ...       ...
ALBERTA
Blackfoot      2,301,280   22,000   284,500   52,500    100,000   123,841 8,660    26,000   2,918,781   6,600        57,000    63,600
Blood          7,081,720   22,000   59,000    30,000    115,000   190,000 25,000   25,000   7,847,720   7,500        4,000     11,500
Edmonton       1,183,483   14,930   60,500    11,175    28,330    32,025 5,950     11,300   1,347,693   2,570        1,550     4,120
Hobbema        917,040     28,956   37,870    ...       67,941    14,989 11,463    9,314    1,087,573   31,425       4,380     35,805
Lesser Slave
               2,393,302 12,210 53,150        ...       17,136    62,680 41,790 26,325      2,606,593 490            2,550     3,040
Lake
Peigan      977,975    4,687 36,587           22,970    44,746    97,053 15,288 10,595      1,209,901 440            1,050     1,490
Saddle Lake 891,907    2,850 24,276           ...       19,465    14

=== EXTRACT FROM HERE (pages 111-115) ===

TABLE No. 5: VALUE OF REAL AND PERSONAL PROPERTY AND PROGRESS DURING YEAR

                                             Value of                                                   Progress During Year 1922
                                                                  Value                     Total
               Total       Value             Public    Value of           Value
                                   Value of                       of Live         Value of Value of                            Total
               Value of    of                Buildings Implements         of                            Value of New Value of
Agencies                           Private                        Stock           Household Real and                           Increase
               Lands in    Private           Property and                 General                       Land         Buildings
                                   Buildings                      and             Effects   Personal                           in
               Reserves    Fencing           of the    Vehicles           Effects                       Improvements Erected
                                                                  Poultry                   Property                           Value
                                             Band
...            $           $       $         $         $          $       $       $         $           $            $         $

               ...         ...      ...       ...       ...       ...      ...     ...      ...         ...          ...       ...
ALBERTA
Blackfoot      2,301,280   22,000   284,500   52,500    100,000   123,841 8,660    26,000   2,918,781   6,600        57,000    63,600
Blood          7,081,720   22,000   59,000    30,000    115,000   190,000 25,000   25,000   7,847,720   7,500        4,000     11,500
Edmonton       1,183,483   14,930   60,500    11,175    28,330    32,025 5,950     11,300   1,347,693   2,570        1,550     4,120
Hobbema        917,040     28,956   37,870    ...       67,941    14,989 11,463    9,314    1,087,573   31,425       4,380     35,805
Lesser Slave
               2,393,302 12,210 53,150        ...       17,136    62,680 41,790 26,325      2,606,593 490            2,550     3,040
Lake
Peigan      977,975    4,687 36,587           22,970    44,746    97,053 15,288 10,595      1,209,901 440            1,050     1,490
Saddle Lake 891,907    2,850 24,276           ...       19,465    14,745 4,460 6,965        964,668    610           255       865
Sarcee      1,180,120 10,000 20,000           36,500    12,000    28,401 1,500 1,500        1,290,021 1,100          800       1,900
Stony       441,290    9,000 15,650           1,200     10,850    26,600 8,000 10,000       522,590    ...           350       350
Total       17,368,117 126,633 591,533        154,345   415,468   590,334 122,111 126,999   19,495,540 50,735        71,935    122,670

BRITISH      ...           ...      ...       ...       ...       ...      ...     ...      ...         ...          ...       ...
COLUMBIA
Babine       89,582        10,070 140,700     9,550     22,200    65,600 59,000 32,000      428,702     7,216        1,550     8,766
Bella Coola 352,600        2,650 113,000      12,000    15,100    17,500 122,000 50,500     685,350     600          7,500     8,100
Cowichan     1,762,700     116,800 178,500    7,500     73,000    49,850 55,500 63,400      2,307,250   2,700        5,000     7,700
Kamloops     3,475,293     52,641 116,130     44,238    101,525   364,403 17,060 17,645     4,188,935   10,000       4,050     14,050
Kootenay     471,980       11,860 20,360      117,700   22,060    65,410 7,650 6,780        723,800     ...          800       800
Kwawkewlth 271,134         1,980 135,215      2,000     56,300    531     58,800 72,100     598,060     ...          10,000    10,000
Lytton       967,508       19,945 75,915      23,930    34,624    75,145 10,785 20,375      1,228,227   7,270        3,930     11,200
New
             771,583       17,445 69,000      19,500    18,385    33,945 25,840 26,075      981,773     ...          ...       ...
Westminister
Okanagan       1,919,260 25,225 155,700       35,350    36,500    172,000 7,950    18,000   2,369,985 11,950         8,675     20,625
Queen
               70,000      1,000    50,000    1,600     27,000    5,000    34,000 20,000    208,600     ...          5,000     5,000
Charlotte
Skeena River 1,066,321     14,850   299,560   99,090    8,400     5,970    166,000 48,500   1,708,691   ...          ...       ...
Stikine      2,075         40       21,162    ...       5,221     3,250    15,879 28,926    76,553      ...          700       700
Stuart Lake 256,390        13,475   87,250    25,100    13,245    34,485   21,085 24,505    475,535     2,735        3,900     6,635
Vancouver    1,087,545     2,360    66,150    42,800    2,650     7,000    24,235 25,000    1,257,740   3,600        3,500     7,100
West Coast 114,000         3,585    106,520   4,050     1,810     4,625    60,400 31,710    326,700     75           ...       75
Williams
             829,910       159,275 41,650     12,150    28,950    85,680 10,500 11,750      1,179,865 8,000          ...       8,000

<!-- page 112 -->
Lake
Total          13,507,881 453,201 1,676,812 456,558   466,970   990,394 696,684 497,266    18,745,766 54,146   54,605   108,751

               ...       ...      ...       ...       ...       ...      ...      ...      ...       ...       ...      ...
MANITOBA
Birtle         496,836   1,578    18,455    2,850     16,375    27,710   2,950    3,065    569,819   300       605      905
Clandeboye     294,285   5,440    159,600   7,300     7,110     25,280   11,300   21,850   532,165   860       16,400   17,260
Fisher River   811,000   13,375   55,540    11,800    16,300    35,600   12,700   22,350   978,665   300       3,200    3,500
Griswold       215,630   1,120    16,000    6,050     27,000    27,515   2,300    4,200    299,815   2,060     40       2,100
Manitowaph     444,601   2,595    33,250    17,050    14,245    65,480   14,375   12,200   603,796   ...       4,275    4,275
Norway
               52,420    605      44,400    1,150     1,530     14,900 49,400 14,600       179,005   10        1,600    1,610
House
Pas            266,050   4,180    40,100    11,600    5,450     19,695 69,100 20,500       436,675   ...       3,390    3,390
Portage la
               354,040   3,520    14,400    10,300    19,750    16,550 1,650      4,000    424,210   830       4,500    5,330
Prairie
Total          2,934,862 32,413 381,745     68,100    107,760   232,730 163,775 102,765    4,024,150 4,360     34,010   38,370

<!-- page 113 -->
                                          Value of                                                  Progress During Year 1922
                                                               Value                     Total
               Total    Value             Public    Value of           Value
                                Value of                       of Live         Value of Value of                           Total
               Value of of                Buildings Implements         of                           Value of New Value of
Agencies                        Private                        Stock           Household Real and                          Increase
               Lands in Private           Property and                 General                      Land         Buildings
                                Buildings                      and             Effects   Personal                          in
               Reserves Fencing           of the    Vehicles           Effects                      Improvements Erected
                                                               Poultry                   Property                          Value
                                          Band
...            $        $       $         $         $          $       $       $         $          $            $         $

NEW       ...            ...     ...      ...      ...        ...      ...      ...      ...        ...          ...       ...
BRUNSWICK
Northern
          19,060         130     10,350   31,250   1,100      1,500    540      3,000    66,930     230          20,000    20,230
Division
Northeastern
               45,048    2,328   28,126   35,682   5,244      4,310    6,500    16,490   143,728    ...          295       295
Division
Southwestern
               6,900     270     9,125    16,000   400        695      1,242    1,625    36,257     ...          ...       `
Division
Total          71,008    2,728   47,601   82,932   6,744      6,505    8,282    21,115   246,915    230          20,295    20,525

NOVA           ...       ...     ...      ...      ...        ...      ...      ...      ...        ...          ...       ...
SCOTIA
Annapolis      1,200     20      1,750    ...      100        80       360      200      3,710      40           478       518
Antigonish and
               7,000     1,025   2,450    3,000    300        650      300      500      15,225     ...          200       200
Guysboto'
Cape Breton
               13,009    605     9,000    ...      2,000      1,900    1,500    500      28,514     200          100       300
(Eskasoni)
Cape Breton
               8,500     ...     5,000    ...      ...        ...      1,500    1,250    16,250     ...          ...       ...
(Sydney)
Colchester     3,000     200     5,800    1,000    500        400      400      500      11,800     ...          400       400
Cumberland     1,100     20      1,045    100      150        200      205      250      3,070      ...          ...       ...
Digby          1,800     60      2,000    1,600    50         100      300      6,580    12,490     ...          ...       ...
Halifax        1,900     995     5,300    ...      350        1,600    1,880    2,475    14,500     ...          ...       ...
Hants          10,500    110     2,910    2,800    100        775      279      1,105    18,579     10           ...       10
Inverness      27,000    680     7,400    13,000   600        1,425    555      1,000    51,660     ...          450       450
Kings          4,500     200     1,500    ...      200        500      650      550      8,100      ...          ...       ...
Lunenburg      3,400     325     3,000    300      200        800      700      1,200    9,925      ...          ...       ...
Pictou         1,500     50      9,800    3,450    425        260      815      1,855    18,155     ...          ...       ...
Queens         4,000     200     2,500    ...      600        400      500      700      8,900      ...          ...       ...
Richmond       7,000     250     3,850    12,000   1,000      2,250    1,000    800      28,150     ...          ...       ...
Shelbourne     ...       ...     1,000    ...      60         80       500      350      1,990      ...          ...       ...
Victoria       6,500     700     2,500    2,400    550        1,200    750      550      15,150     30           285       315
Yarmouth       500       ...     300      200      ...        ...      100      200      1,300      ...          ...       ...
Total          102,409   5,440   67,105   39,850   7,185      12,620   12,294   20,565   267,468    280          1,913     2,193

               ...       ...     ...      ...      ...        ...      ...      ...      ...        ...          ...       ...
ONTARIO

<!-- page 114 -->
Alnwick          75,000    5,000    32,000    7,500    3,450     6,475    2,375    12,940   144,740   ...     600      600
Cape Croker      150,000   7,750    68,500    35,250   15,350    31,000   10,000   10,000   327,850   200     3,500    3,700
Caradoc          150,250   14,950   109,350   35,000   25,850    28,400   1,525    32,350   397,675   610     7,000    7,610
Chapleau         18,400    350      30,000    800      ...       200      5,000    ...      54,750    ...     ...      ...
Christian
                 35,200    1,400    8,000     7,000    3,000     7,000    2,000    2,800    66,400    300     200      500
Island
Fort Frances     221,557   1,200    24,000    8,300    16,515    6,550    7,480    8,400    294,002   4,000   2,000    6,000
Fort William     182,000   600      27,000    3,000    2,025     6,375    7,309    8,000    236,309   ...     ...      ...
Georgina
                 32,150    500      8,500     13,000   1,500     2,500    8,000    1,700    67,850    ...     1,000    1,000
Island
Golden Lake      3,000     700      4,000     3,100    900       1,900    3,000    3,000    19,600    ...     300      300
Gore Bay         80,000    15,020   30,000    22,700   8,900     15,400   7,200    6,400    205,620   ...     ...      ...
Kenora           123,184   948      55,360    225      5,915     7,761    28,925   23,000   235,318   ...     ...      ...
Manitowaning     247,000   21,360   68,875    33,135   44,515    33,495   18,905   43,130   510,415   ...     ...      ...
Moravian         75,250    5,000    30,000    7,000    10,000    12,000   1,250    2,200    142,700   500     1,000    1,500
New Credit       230,000   10,600   50,200    8,900    11,800    18,865   1,000    13,700   345,065   585     4,450    5,035
Parry Sound      122,000   950      20,900    17,300   7,980     13,500   7,621    16,000   206,251   ...     1,400    1,400
Rama             50,000    4,100    25,600    13,200   2,500     2,200    2,000    7,500    107,100   ...     2,200    2,200
Rice Lake        115,000   4,000    53,000    11,500   8,500     19,800   7,700    11,700   231,200   ...     1,000    1,000
Sarnia           630,250   15,200   101,300   38,500   25,900    26,200   6,300    30,200   873,850   90      14,000   14,090
Saugeen          80,000    1,600    17,000    27,000   4,500     18,000   2,500    4,500    155,100   100     500      600
Sault Ste,
                 54,900    2,625    27,000    25,250   6,950     16,050 10,250 13,275       156,300   ...     ...      ...
Marie
Savanne          101,910 468       9,575     25        3,850     720     35,395 20,500      172,443 ...       ...      ...
Scugog           60,000    2,000 2,000       500       400       600     300     950        66,750    ...     ...      ...
Six Nations      1,092,400 436,960 680,000 60,100      296,800   272,340 4,500 74,300       2,917,400 ...     350      350
Sturgeon Falls   242,190 2,350 49,000        11,500    5,300     17,600 21,000 42,000       390,940 ...       1,960    1,960
Thessalon        129,064 9,705 14,500        10,000    3,640     10,500 12,633 8,363        198,405 100       ...      100
Tyendinaga       645,300 134,825 100,000 44,800        42,800    80,000 2,645 55,800        1,106,170 ...     ...      ...
Total            4,946,005 700,161 1,635,660 444,585   558,840   655,431 216,813 452,708    9,610,203 6,485   41,460   47,945

<!-- page 115 -->
                                                  Value of                                                     Progress During Year 1922
                                                                       Value                     Total
                    Total       Value             Public    Value of           Value
                                        Value of                       of Live         Value of Value of                              Total
                    Value of    of                Buildings Implements         of                              Value of New Value of
Agencies                                Private                        Stock           Household Real and                             Increase
                    Lands in    Private           Property and                 General                         Land         Buildings
                                        Buildings                      and             Effects   Personal                             in
                    Reserves    Fencing           of the    Vehicles           Effects                         Improvements Erected
                                                                       Poultry                   Property                             Value
                                                  Band
...                 $           $       $         $         $          $       $       $         $             $            $         $

PRINCE        20,000            1,750    10,000    10,000    1,150     3,400    3,200    3,300     52,800      50           120       170
EDWARD ISLAND

                    ...         ...      ...       ...       ...       ...      ...      ...       ...         ...          ...       ...
QUEBEC
Becancour           5,000       400      1,500     ...       190       698     200       300       8,288       ...          ...       ...
Bersimis            51,000      675      43,000    33,000    700       2,250 8,700       14,000    153,325     ...          3,000     3,000
Cacouna             6,000       ...      2,650     ...       365       290     ...       1,300     10,605      ...          ...       ...
Caughnawaga         750,000     9,000    450,000   70,500    30,000    70,500 20,00      100,000   1,500,000   500          10,000    10,500
Jeune Lorette       30,000      500      47,000    27,000    3,200     1,400 1,400       17,000    127,500     ...          2,000     2,000
Maniwaki            34,520      4,345    19,935    2,095     10,223    12,290 6,675      12,965    103,048     385          450       835
Maria               24,000      550      3,000     4,000     1,400     800     750       2,000     36,500      300          200       500
Mingan              ...         ...      3,500     2,000     ...       ...     7,000     4,000     16,500      ...          ...       ...
Oka                 ...         3,000    20,000    3,000     4,000     9,000 ...         5,000     44,000      400          3,000     3,400
Pierreville         32,000      1,200    60,000    2,500     1,000     3,500 2,000       15,000    117,200     700          600       1,300
Pointe bleue        38,000      5,900    33,000    6,000     8,000     12,000 15,000     13,000    130,900     400          2,500     2,900
Restigouche         173,000     12,100   51,000    ...       15,000    10,000 18,000     17,000    296,100     ...          ...       ...
Seven Islands       500         ...      8,800     4,000     ...       ...     6,000     12,000    31,300      ...          1,200     1,200
St, Regis           250,000     1,800    100,000   15,000    13,000    35,000 6,000      30,000    450,800     ...          5,000     5,000
Timiskaming         35,000      900      8,250     1,750     2,800     6,000 8,000       3,500     66,200      650          750       1,400
Total               1,429,020   40,370   851,635   170,845   89,878    163,728 99,725    247,065   3,092,266   3,335        28,700    32,035

                    ...         ...      ...       ...       ...       ...      ...      ...       ...         ...          ...       ...
SASKATCHEWAN
Assiniboine         421,308     5,748    20,347    4,086     23,031    56,330   766      8,675     540,291     ...          1,040     1,040
Battleford          3,261,694   32,576   77,150    24,000    749,871   58,503   14,450   18,280    3,566,524   5,446        6,700     12,146
Carleton            1,545,224   12,646   69,097    32,425    30,422    56,764   10,605   13,901    1,771,084   3,260        1,157     4,417
Crooked Lakes       1,086,662   34,200   61,630    ...       62,945    59,890   4,300    14,100    1,323,727   3,650        4,000     7,650
Duck Lake           1,769,815   20,268   35,450    17,900    33,880    66,442   6,100    24,550    1,974,405   2,110        1,000     3,110
File Hills Agency   525,000     4,300    9,000     300       5,900     12,800   1,150    3,400     561,850     128          ...       128
File Hills Colony   400,000     600      55,000    15,000    21,000    25,000   600      8,000     525,200     500          ...       500
Isle à la Crosse    4,103       330      24,595    400       ...       ...      32,616   5,320     67,364      ...          ...       ...
Moose Mountain      250,800     2,500    9,500     3,000     9,000     10,000   2,000    2,000     288,800     75           100       175
Moose Woods         62,495      6,690    5,850     2,500     6,000     16,500   600      2,500     103,135     30           ...       30
Onion Lake          2,191,740   13,000   51,000    3,300     25,400    76,380   10,100   15,700    2,386,620   1,644        2,700     4,344
Pelly               669,824     4,000    28,100    3,600     22,800    37,980   5,600    12,900    784,804     1,250        900       2,150

