=== TABLE HEADER (the column definitions of this table, printed once at the start of the statement; use to name the columns) ===

TABLE No. 6. - SOURCES AND VALUE OF INCOME

                      Value
                                                                                     Annuities
            Value of of Beef                                     Earned Earned by
                                        Received                                     paid and
            Farm      also of                    Received Earned by       other                  Total
                              Wages     from                                         Interest on
Agencies    Products, that                       from     by     Hunting Industries              Income of
                              Earned    Land                                         Indian
            including used                       Timber Fishing and       and                    Indians
                                        Rentals                                      Trust
            Hay       for                                        Trapping Occupation
                                                                                     Funds
                      Food
...         $         $       $         $ cts.    $ cts.    $        $         $        $ cts.      $ cts.
ALBERTA     ...       ...     ...       ...       ...       ...      ...       ...      ...         ...
Blackfoot   93,000 8,500 5,000          38,477 64 ...       ...      ...       12,000   59,970 57   216,948 21
Blood       315,000 11,340 25,000       26,610 45 ...       ...      1,000     15,000   7,323 20    401,273 65
Edmonton    55,466 1,414 19,500         128 00    ...       775      3,000     800      26,248 93   107,331 93
Hobbema     52,388 3,800 12,034         2,996 00 ...        3,246    478       7,682    13,534 14   96,158 14
Lesser Slave
             34,170   2,180    28,520 ...          ...      9,000    384,715 ...        16,762 65 475,947 55
Lake
Peigan      47,125    7,602    8,000    1,734 20 ...        ...      150       ...      7,150 76 71,761 96
Saddle Lake 28,302    7,405    10,225   50 00     ...       1,775    7,125     5,130    4,236 29 64,248 29
Sarcee      11,292    700      3,760    1,562 00 ...        ...      300       3,398    848 99     21,850 99
Stony       10,000    1,288    33,022   1,663 00 ...        ...      6,863     5,036    4,307 00 63,079 00
Total       647,343   44,229   145,06   73,211 29 ...       14,796   403,631   49,946   140,382 43 1,518,599 72
BRITISH
            ...       ...  

=== EXTRACT FROM HERE (pages 69-73) ===

TABLE No. 6. - SOURCES AND VALUE OF INCOME

                      Value
                                                                                     Annuities
            Value of of Beef                                     Earned Earned by
                                        Received                                     paid and
            Farm      also of                    Received Earned by       other                  Total
                              Wages     from                                         Interest on
Agencies    Products, that                       from     by     Hunting Industries              Income of
                              Earned    Land                                         Indian
            including used                       Timber Fishing and       and                    Indians
                                        Rentals                                      Trust
            Hay       for                                        Trapping Occupation
                                                                                     Funds
                      Food
...         $         $       $         $ cts.    $ cts.    $        $         $        $ cts.      $ cts.
ALBERTA     ...       ...     ...       ...       ...       ...      ...       ...      ...         ...
Blackfoot   93,000 8,500 5,000          38,477 64 ...       ...      ...       12,000   59,970 57   216,948 21
Blood       315,000 11,340 25,000       26,610 45 ...       ...      1,000     15,000   7,323 20    401,273 65
Edmonton    55,466 1,414 19,500         128 00    ...       775      3,000     800      26,248 93   107,331 93
Hobbema     52,388 3,800 12,034         2,996 00 ...        3,246    478       7,682    13,534 14   96,158 14
Lesser Slave
             34,170   2,180    28,520 ...          ...      9,000    384,715 ...        16,762 65 475,947 55
Lake
Peigan      47,125    7,602    8,000    1,734 20 ...        ...      150       ...      7,150 76 71,761 96
Saddle Lake 28,302    7,405    10,225   50 00     ...       1,775    7,125     5,130    4,236 29 64,248 29
Sarcee      11,292    700      3,760    1,562 00 ...        ...      300       3,398    848 99     21,850 99
Stony       10,000    1,288    33,022   1,663 00 ...        ...      6,863     5,036    4,307 00 63,079 00
Total       647,343   44,229   145,06   73,211 29 ...       14,796   403,631   49,946   140,382 43 1,518,599 72
BRITISH
            ...       ...      ...      ...        ...      ...      ...       ...      ...         ...
COLUMBIA
Babine      27,820    71 000   48,800 120 00       ...       21,700 69,700     28,300   112 68      267,552 68
Bella Coola 6,000     1,700    26,000 1,650 00     77,500    28,500 57,000     ...      428 39      198,778 39
Cowichan    50,125    3,360    128,050 1,686 57    4,183 15 26,200 1,500       7,500    3,621 69    226,226 41
Kamloops    327,671   ...      19,000 2,189 20     11,638 25 ...    3,000      ...      2 827 68    366,326 13
Kootenay    32,890    9,250    31,650 150 00       4,163     20,075 2,850      3,725    61 09       85,714 29
Kwawkelwth ...        ...      27,900 620 00       2,239 72 123,400 5,650      27,550   1,388 55    188,748 27
Lytton      48,500    11,905   88,200 112 00       3,900 34 800     5,380      13,200   1,772 23    1,13,769 57
New
            28,635    6,465    48,100 5,927 66 15,650 20 16,350 7,650          2,000    3,800 00    134,577 86
Westminster
Okanagan    15,500    15,500 29,500 2,330 20 120 00         250      ...       1,425    937 33      115,562 53
Queen
            8,000     3,000    32,000 ...          ...      10,000 27,000      700      112 51      80,812 51
Charlotte
Skeena River 34,830   550      60,000   150 00     343 72    138,500 72,500    48,500   3,423 30    358,797 02
Stikine      2,080    ...      27,180   ...        ...       12,710 99,169     22,105   ...         163,244 00
Stuart Lake 30,260    7,300    28,645   ...        ...       16,020 39,270     4,490    2,126 96    128,111 96
Vancouver 3,500       200      31,000   7,684 45   50,950 69 27,250 8,100      22,700   12,263 25   163,648 39
West Coast 403        ...      14,370   310 00     32 26     86,715 1,168      4,955    302 10      108,255 36
William
             52,681   4,500    32,950 ...          ...      ...      26,225    ...      61 18       116,417 18
Lake

<!-- page 70 -->
Total        718,895   134,730 673,345 21,280 08 94,871 53 575,370 371,362   253,450   33,238 94   2,876,542 55
MANITOBA ...           ...     ...     ...       ...       ...     ...       ...       ...         ...
Birtle       27,262    455     4,785 269,20      11 00     585     1,442     3,825     1,004 52    42,638 72
Clandeboye 28,188      1,650 15,650 135 00       446 30    12,200 25,800     6,650     12,971 20   103,690 50
Fisher River 34,450    2,100 48,000 ...          ...       4,300 5,100       9,500     9,316 53    112,766 53
Griswold     32,179    125     5,328 ...         ...       65      1,719     1,420     3 17        41,439 17
Manitowapah 29,785     3,025 16,950 ...          ...       8,650 12,007      6,650     10,334 14   87,401 14
Norway
             4,850     450     19,500 ...       ...       18,000 200,000 14,200        13,505 00 270,505 00
House
Pas          10,425    2,170   35,000 195 00    36 40     15,500 132,000 ...           14,077 51 209,403 91
Portage la
             43,068    220     1,450   612 57   ...       ...     1,175      1,900     8,716 08    57,141 65
Prairie
Total        210,807 10,195 146,663 1,211 77 493 70       59,300 379,243 44,145        79,928 15 924,986 62

<!-- page 71 -->
                           Value
                           of                                                            Annuities
                 Value of                                            Earned Earned by
                           Beef             Received                                     paid and
                 Farm                                Received Earned by       other                Total
                           also of Wages    from                                         Interest
Agencies         Products,                           from     by     Hunting Industries            Income of
                           that    Earned   Land                                         on Indian
                 including                           Timber Fishing and       and                  Indians
                           used             Rentals                                      Trust
                 Hay                                                 Trapping Occupation
                           for                                                           Funds
                           Food
...              $         $       $        $ cts.   $ cts.   $       $        $         $ cts.    $ cts.
NEW
          ...             ...     ...       ...      ...      ...     ...      ...       ...       ...
BRUNSWICK
Northern
                 1,800    ...     13,500 ...         ...      1,100   1,800    ...       1,517 54 19,717 54
Division
Northeast
                 7,210    150     9,300     ...      1,329 94 4,425   455      2,300     55 84     18,048 94
Division
Southwestern
                 1,005    ...     13,000 ...         63 10    150     1,200    2,575     55 84     18,048 94
Division
Total       10,015        150     35,800 ...         1,393 04 5,675   3,455    4,875     2,256 94 63,619 98
NORTHWEST
            ...           ...     ...       ...      ...      ...     ...      ...       ...       ...
TERRITORIES
                                                                                                   121,500
Fort Resolution ...       ...     6,500     ...      ...      ...     115,000 ...        ...
                                                                                                   000
NOVA
                 ...      ...     ...       ...      ...      ...     ...      ...       ...       ...
SCOTIA
Annapolis      275        ...     350       ...      ...      50      170      700       731 85    2,276 85
Antigonish and
               825        125     2,125     77 00    ...      475     425      2,625     24 24     6,701 24
Guysboro
Cape Breton
                 4,000    200     1,500     ...      ...      200     300      1,000     ...       7,200 00
(Eskasoni)
Cape Breton
                 ...      ...     15,000 ...         ...      ...     ...      ...       17 76     15,017 76
(Sydney)
Colchester       300      ...     3,000     ...      ...      ...     300      4,000     164 14    7,764 14
Cumberland       90       ...     4,200     ...      ...      ...     135      1,875     79 40     6,374 40
Digby            300      ...     2,000     ...      12 00    300     500      1,000     5 00      4,117 00
Halifax          2,000    1,825   9,700     ...      ...      200     ...      6,450     366 61    20,541 61
Hants (Indian
                 395      ...     195       ...      ...      ...     300      665       52 44     1,607 44
Brook)
Hants
                 500      ...     4,000     ...      ...      200     2,000    400       ...       7,100 00
(Windsor)
Inverness        1,700    130     2,500     ...      ...      1,100   850      1,250     ...       7,530 00
Kings            300      50      3,000     ...      14 61    100     400      450       0 55      4,315 16
Lunenburg        900      100     1,200     ...      ...      ...     300      1,500     3 79      4,003 79
Pictou           250      ...     1,000     ...      ...      200     1,000    3,500     ...       5,950 00
Queens           140      140     3,000     100 00   ...      200     152      ...       176 73    3,908 73
Richmond         1,590    50      450       ...      ...      150     35       70        1 00      2,346 00

<!-- page 72 -->
Shelburne        100      ...     1,500    ...      ...     ...    350       500      ...       2,450 00
Victoria         1,850    65      4,500    ...      ...     450    250       1,500    25 35     8,640 35
Yarmouth         5        ...     1,200    100 00 ...       ...    ...       1,200    ...       2,505 00
Total            15,520   2,685   60,420   277 00 26 61     3,625 7,462      28,685   1,648 86 120,349 47
ONTARIO          ...      ...     ...      ...      ...     ...    ...       ...      ...       ...
Alnwick          7,500    540     8,060    789 00 ...       ...    3,580     256      10,975 81 31,709,81
Cape Croker      11,500   2,700   10,000   175 00 156 00    8,000 250        2,000    21,903 22 56,684 22
Caradoc          41,100   2,900   62,500   4,174 25 39 60   ...    600       2,950    3,422 10 117,685 95
Chapleau         1,400    ...     5,000    ...      ...     ...    30,000    ...      13,180 00 49,580 00
Christian Island 6,000    200     4,000    ...      26 00   150    400       1,500    12,330 47 24,606 47
Fort Frances     9,399    36      35,000   1,175 00 140 45  37,200 45,500    4,650    8,468 88 141,569 33
Fort William     1,650    1,500   38,000   700 00 32,596 47 11,200 45,000    ...      10,736 57 141,383 04
Georgina
                 900      600     6,000    32057    6 00     250    150      800      3,339 74 12,366 31
Island
Golden Lake     390       75      2,000 109 00 ...         ...   1,000       ...      14 13     3,588 13
Gore Bay        1,645     200     24,250 ...      178 82   225   200         ...      9,981 62 36,680 44
Kenora          7,268     ...     55,020 140 00 7,977 58 50,190 62,220       56,400   17,242 21 256,447 79
Manitowaning    25,260    9,405   101,050 35 00   3,704 80 5,195 7,000       14,180   22,110 49 187,940 29
Moravian        10,000    350     10,000 162 00 30 00      100   300         500      5,686 60 27,128 60
New Credit      18,269    3,100   21,500 3,260 00 ...      ...   400         2,500    4,993 52 54,022 52
Parry Sound     7,450     1,375   36,000 650 00 26,863 27 ...    1,125       ...      14,510 14 87,973 41
Rama            3,100     ...     15,000 65 00    62 70    500   3,000       5,000    7,322 65 34,050 35
Rice Lake       16,000    5,200   23,500 140 00 ...        2,000 10,500      11,000   8,070 82 76,410 82
Sarnia          31,250    2,150   40,100 1,166 00 183 20   900   550         7,500    17,429 10 101,228 30
Saugeen         7,500     800     15,000 40 00    34 64    ...   300         4,000    16,767 56 44,442 20
Sault Ste.
                16,900    3,000 19,500 630 00       3,683 42 15,500 15,000   11,500   12,763 81 98,477 23
Marie
Savanne         3,840     ...     53,750 ...       ...       72,550 92,800   35,500   6,145 00 264,585 00
Scugog          200       200     1,000 1,172 00 ...         60     800      1,000    1,047 53 5,479 53
Six Nations     375,000   ...     145,000 4,437 00 ...       ...    ...      40,600   41,532 62 606,569 62

<!-- page 73 -->
                            Value
                            of                                                           Annuities
                  Value of                                           Earned Earned by
                            Beef           Received                                      paid and
                  Farm                              Received Earned by        other                  Total
                            also of Wages from                                           Interest on
Agencies          Products,                         from     by      Hunting Industries              Income of
                            that    Earned Land                                          Indian
                  including                         Timber Fishing and        and                    Indians
                            used           Rentals                                       Trust
                  Hay                                                Trapping Occupation
                            for                                                          Funds
                            Food
...               $         $       $      $ cts.   $ cts.   $       $        $          $ cts.      $ cts.
ONTARIO - con.    ...       ...     ...    ...      ...      ...     ...      ...        ...         ...
Sturgeon Falls    12,000 600        41,000 ...      338 58   2,300 92,000 15,000         60,597 53 223,836 11
Thessalon         9,550     ...     38,000 ...      460 77   1,350 18,600 2,240          6,676 50 76,877 27
Tyendinaga        90,000 3,000 45,000 6,952 46 ...           3,000 350        1,000      6,054 47 155,356 93
Total             715,061 37,931 855,230 26,292 28 76,486 30 210,670 431,625 220,085     343,303 09 2,916,679 67
PRINCE EDWARD
               2,100       300    975     ...       ...        950     40        5,400     ...         9,765 00
ISLAND
QUEBEC            ...      ...    ...     ...       ...        ...     ...       ...       ...         ...
Bécancour         176      110    200     ...       ...        ...     ...       422       369 51      1,277 51
Bersimis          1,150    476    5,000 700 00      5,893 96   ...     92,500    3,500     5,346 35    114,565 31
Cacouna           ...      ...    2,500 ...         ...        100     350       2,000     469 81      5,419 81
Caughnawaga       13,000   2,000 150,000 9,784      14         ...     ...       25,000    685 00      200,469 74
Jeune Lorette     ...      ...    34,200 ...        ...        ...     3,050     31,150    980 00      69,380 00
Maniwaki          7,430    127    34,259 307 00     2,832 14   123     32,805    1,624     3,208 91    82,716 05
Maria             300      150    1,800 ...         ...        300     400       500       ...         3,450 00
Mingan            ...      ...    ...     ...       ...        ...     9,000     ...       ...         9,000 00
Oka               7,500    2,000 15,000 150 00      154 00     100     200       110 00    407 45      26,511 45
Pierreville       2,500    1,500 1,500 175 00       ...        ...     500       71,000    293 50      13,468 50
Pointe Bleue      19,000   3,000 19,000 201 00      38 00      1,500   51,000    4,000     608 11      98,347 11
Restigouche       11,500   1,000 7,000 260 00       123 69     75      250       350       357 07      20,915 76
Seven Islands     ...      ...    1,500 ...         ...        ...     22,000    1,500     ...         25,000 00
St. Regis         6,500    13,000 133,000 770 48    ...        4,100   4,250     23,900    3,380 65    188,901 13
Timiskaming       6,675    150    8,000 25 00       86 93      400     35,000    1,000     2,209 10    53,546 03
Total             75,731   23,512 412,959 12,373 22 9,128 72   6,698   251,305   102,946   18,315 46   912,968 40
SASKATCHEWAN ...           ...    ...     ...       ...        ...     ...       ...       ...         ...
Assiniboine       11,358   328    628     ...       ...        ...     1,365     12,154    1,813 53    28,646 53
Battleford        46,740   5,150 35,600 2,697 00 ...           5,950   23,300    3,850     13,346 84   136,633 84
Carlton           48,202   7,081 9,239 ...          ...        345     20,694    10,634    22,280 41   118,415 41
Crooked Lakes     60,185   2,630 5,250 3,133 47 ...            1,150   6,000     400       30,618 46   109,366 93
Duck Lake         43,170   3,220 11,200 ...         9 50       800     15,800    15,700    8,620 84    98,520 34
File Hills Agency 5,218    1,340 900      ...       ...        ...     2,500     3,200     1,817 39    14,975 39
File Hills Colony 25,000   2,160 3,000 ...          ...        ...     500       4,000     1,817 39    34,660 00
Isle à la Crosse  ...      ...    ...     ...       ...        7,700   80,000    4,650     11,58,500   103,935 00

