=== TABLE HEADER (the column definitions of this table, printed once at the start of the statement; use to name the columns) ===

TABLE No. 5. - VALUE OF REAL AND PERSONAL PROPERTY AND PROGRESS DURING THE YEAR

                                        Value of                                                      Progress During The Year 1923
                                                             Value                     Total
             Total     Value            Public    Value of           Value
                               Value of                      of Live         Value of Value of                              Total
             Value of of                Buildings Implements         of                               Value of    Value of
Agencies                       Private                       Stock           Household Real and                             Increase
             Lands in Private           Property and                 General                          New Land    Buildings
                               Building                      and             Effects   Personal                             in
             Reserve   Fencing          of the    Vehicles           Effects                          Improvement Erected
                                                             Poultry                   Property                             Value
                                        Band
...          $         $       $        $         $          $       $       $         $              $            $        $
ALBERTA      ...       ...     ...      ...       ...        ...     ...     ...       ...            ...          ...      ...
Blackfoot    2,301,280 22,500 290,000 54,000      100,000    120,000 8,000 27,000      2,922,780      2,000        15,000   17,000
Blood        7,081,720 24,000 75,000    30,000    140,000    220,000 35,000 35,000     7,640,720      5,000        29,000   34,000
Edmonton     1,183,483 16,600 81,800    10,175    29,430     36,265 5,550 11,500       1,314,803      6,985        22,350   29,335
Hobbema      917,040   29,325 37,160    ...       75,292     34,475 10,939 10,172      1,114,403      17,050       300      17,350
Lesser Slave
             2,393,302 14,200     53,650    ...       18,700    63,895 42,100 26,400      2,612,247 840           500       1,340
Lake
Peigan      978,465    4,687   36,587       22,970    45,998    113,665 15,499 10,595     1,228,466 490           ...       490
Saddle Lake 742,147    2,770   23,775       ...       21,230    30,085 5,145 7,065        832,217    255          100       355
Sa

=== EXTRACT FROM HERE (pages 62-66) ===

TABLE No. 5. - VALUE OF REAL AND PERSONAL PROPERTY AND PROGRESS DURING THE YEAR

                                        Value of                                                      Progress During The Year 1923
                                                             Value                     Total
             Total     Value            Public    Value of           Value
                               Value of                      of Live         Value of Value of                              Total
             Value of of                Buildings Implements         of                               Value of    Value of
Agencies                       Private                       Stock           Household Real and                             Increase
             Lands in Private           Property and                 General                          New Land    Buildings
                               Building                      and             Effects   Personal                             in
             Reserve   Fencing          of the    Vehicles           Effects                          Improvement Erected
                                                             Poultry                   Property                             Value
                                        Band
...          $         $       $        $         $          $       $       $         $              $            $        $
ALBERTA      ...       ...     ...      ...       ...        ...     ...     ...       ...            ...          ...      ...
Blackfoot    2,301,280 22,500 290,000 54,000      100,000    120,000 8,000 27,000      2,922,780      2,000        15,000   17,000
Blood        7,081,720 24,000 75,000    30,000    140,000    220,000 35,000 35,000     7,640,720      5,000        29,000   34,000
Edmonton     1,183,483 16,600 81,800    10,175    29,430     36,265 5,550 11,500       1,314,803      6,985        22,350   29,335
Hobbema      917,040   29,325 37,160    ...       75,292     34,475 10,939 10,172      1,114,403      17,050       300      17,350
Lesser Slave
             2,393,302 14,200     53,650    ...       18,700    63,895 42,100 26,400      2,612,247 840           500       1,340
Lake
Peigan      978,465    4,687   36,587       22,970    45,998    113,665 15,499 10,595     1,228,466 490           ...       490
Saddle Lake 742,147    2,770   23,775       ...       21,230    30,085 5,145 7,065        832,217    255          100       355
Sarcee      1,180,120 10,000 20,000         36,500    11,000    24,650 2,000 2,000        1,286,270 1,200         250       1,450
Stony       441,290    9,000   15,650       1,200     10,850    30,796 8,000 10,000       526,786    ...          ...       ...
Total       17,218,847 133,082 633,622      154,845   452,500   673,831 132,233 139,732   19,538,692 33,820       67,500    101,320
BRITISH
            ...        ...     ...          ...       ...       ...      ...    ...       ...         ...         ...       ...
COLUMBIA
Babine       89,582      10,470   142,825   9,550     23,300    66,750 59,000 31,800      433,277     2,050       2,125     4,175
Bella Coola 352,600      2,500   107,000    12,000    15,600    17,450 130,000 50,000     687,150     500         5,500     6,000
Cowichan    1,757,300    117,750 180,000    7,500     84,900    49,500 63,800 68,050      2,328,800   1,950       4,800     6,750
Kamloops    3,475,293    52,641 116,130     44,238    101,526   363,528 16,340 17,645     4,187,340   ...         2,500     2,500
Kootenay    471,980      11,860 20,360      117,100   22,060    60,055 7,650 6,780        718,445     ...         ...       ...
Kwawkewlth 271,134       1,880   149,215    4,400     66,800    553     63,800 73,000     630,782     ...         ...       ...
Lytton      940,666      19,425 74,415      23,230    33,279    73,725 10,385 19,735      1,194,860   6,820       3,680     10,500
New
            771,583      17,445   69,000    19,500    18,485    33,945 25,840 26,075      981,873     ...         ...       ...
Westminster
Okanagan     1,919,260 26,250     145,650   34,950    37,250    175,000 8,950   18,750    2,366,060 8,750         5,750     14,500
Queen
             70,000      1,000    50,000    1,600     27,000    5,000    34,000 20,000    208,600     ...         5,000     5,000
Charlotte
Skeena River 1,066,321   14,850   299,560   99,090    8,400     5,970    166,000 48,500   1,708,691   ...         8,000     8,000
Stikine      2,075       40       21,162    ...       5,221     3,250    15,970 28,926    76,553      ...         ...       ...
Stuart Lake 258,346      13,795   88,150    25,200    13,500    32,495   22,250 26,530    480,866     2,510       3,625     6,135
Vancouver 1,081,545      4,600    87,200    39,100    3,020     6,300    23,435 24,800    1,276,000   3,490       6,000     9,490
West Coast 112,500       3,585    98,520    4,050     1,823     4,558    60,150 30,975    316,161     ...         ...       ...
Williams
             826,427     156,279 52,300     12,950    26,695    79,155 16,355 17,090      1,187,251 26,625         ...      26,625
Lake
Total        13,472,612 4,54,370 1,702,087 455,058    488,858   977,234 723,834 508,656   18,782,709 52,695        46,980   99,675

<!-- page 63 -->
MANITOBA ...           ...      ...       ...      ...        ...      ...     ...      ...       ...     ...      ...
Birtle       497,111   1,715    23,880    2,850    17,917     29,910   3,500 3,315      580,198   410     5,425    5,835
Clandeboye 294,285     5,440    159,600   7,300    7,110      25,280   11,300 21,850    532,165   700     2,300    3,000
Fisher River 811,000   13,375   55,540    11,800   16,300     35,600   12,700 22,350    978,665   300     ...      300
Griswold     216,461   1,335    16,730    6,150    30,164     23,744   2,666 5,645      302,895   1,986   310      2,296
Manitowapah 444,601    2,595    33,750    24,250   14,745     64,330   14,37,5 12,200   610,840   ...     7,700    7,700
Norway
             99,260    605      44,700    4,300    1,530      15,000 49,400 14,600      229,395   10      5,350    5,360
House
Pas          266,050   4,180    40,100    11,600   5,525      17,960 69,100 20,500      465,015   ...     ...      ...
Portage la
             354,040   4,220    16,300    10,300   19,200     17,700 1,700    4,000     427,460   420     950      1,370
Prairie
Total        2,982,808 33,465   390,600   78,550   112,4911   229,524 161,741 104,460   4,096,639 3,826   22,035   25,801

<!-- page 64 -->
                                          Value of                                                  Progress During The Year 1923
                                                               Value                     Total
                Total    Value            Public    Value of           Value
                                 Value of                      of Live         Value of Value of                          Total
                Value of of               Buildings Implements         of                           Value of    Value of
Agencies                         Private                       Stock           Household Real and                         Increase
                Lands in Private          Property and                 General                      New Land    Buildings
                                 Building                      and             Effects   Personal                         in
                Reserve Fencing           of the    Vehicles           Effects                      Improvement Erected
                                                               Poultry                   Property                         Value
                                          Band
...             $        $       $        $         $          $       $       $         $          $            $        $
NEW
          ...            ...     ...      ...      ...        ...     ...     ...        ...        ...          ...      ...
BRUNSWICK
Northern
                19,060   150     11,500   16,200   1,200      1,450   940     3,800      54,300     230          ...      230
Division
Northeastern
                45,048   2,328   28,911   35,682   5,244      4,310   6,000   16,490     114,013    ...          785      785
Division
Southwestern
                6,600    470     10,455   16,000   400        410     1,240   1,675      37,250     ...          1,300    1,300
Division
Total       70,708       2,948   50,866   67,882   6,844      6,170   8,180   21,965     235,563    230          2,085    2,315
NORTHWEST
            ...          ...     ...      ...      ...        ...     ...     ...        ...        ...          ...      ...
TERRITORIES
Fort Resolution ...      ...     20,000   ...      ...        57,750 13,000 12,750       103,500    ...          4,500    4,500
Nova Scotia     ...      ...     ...      ...      ...        ...    ...    ...          ...        ...          ...      ...
Annapolis       1,200    20      1,750    ...      100        83     370    200          3,123      15           10       25
Antigonish and
                6,000    875     2,550    3,000    425        675     325     500        14,350     ...          200      200
Guysboro
Cape Breton
                14,000   500     1,200    ...      2,000      2,500   1,200   1,000      22,400     200          ...      200
(Ekasoni)
Cape Breton
                8,500    ...     5,000    ...      ...        ...     1,500   1,250      16,250     ...         ...       ...
(Sydney)
Colchester      3,000    200     6,000    1,000    500        400     400     550        12,050     50          200       250
Cumberland      1,100    20      1,050    100      150        200     205     255        3,080      ...         ...       ...
Digby           1,800    60      2,500    2,000    ...        12      300     3,900      10,172     ...         ...       ...
Halifax         1,050    995     5,500    ...      350        1,650   1,780   2,175      14,400     ...         ...       ...
Hants (Indian
                5,550    110     1,360    2,800    180        445     187     585        11,217     40          450       490
Brook)
Hants
                10,500   ...     2,000    ...      200        400     500     800        14,400     ...         ...       ...
(Windsor)
Inverness       27,000   1,100   16,400   4,700    575        2,550   750     860        53,935     50          450       500
King            5,000    150     1,500    ...      200        450     600     500        8,400      680         ...       680
Lunenburg       3,000    320     2,500    200      150        500     500     1,000      8,170      ...         ...       ...
Pictou          1,500    60      9,800    8,450    425        175     730     1,800      22,940     ...         ...       ...
Queens          3,550    100     2,400    ...      150        250     100     1,050      7,600      ...         ...       ...
Richmond        7,000    250     3,850    12,000   1,000      2,250   1,000   800        28,150     ...         300       300
Shelburne       ...      ...     1,500    ...      40         60      450     400        2,450      ...         ...       ...
Victoria        7,000    215     2,000    2,240    400        950     700     450        13,955     10          60        70
Yarmouth        500      ...     300      ...      25         ...     ...     300        1,125      ...         ...       ...

<!-- page 65 -->
Total            108,150   4,975    69,160 36,490     6,870     13,550   11,597   17,975   268,767    1,045   1,670    2,715
ONTARIO          ...       ...      ...     ...       ...       ...      ...      ...      ...        ...     ...      ...
Alnwick          75,000    5,200    33,200 7,500      3,560     6,450    2,110    14,675   147,695    ...     1,200    1,200
Cape Croker      150,000   8,450    70,500 35,250     15,300    30,500   10,000   10,000   330,000    100     1,800    1,900
Caradoc          150,350   13,850   115,050 35,000    26,400    29,900   2,050    32,750   405,850    100     5,700    5,800
Chapleau         18,400    340      32,000 775        ...       175      5,000    ...      56,690     ...     ...      ...
Christian Island 35,400    1,600    8,100   7,000     3,000     7,000    2,000    3,000    67,100     200     100      300
Fort Frances     216,195   1,200    26,500 8,300      16,515    7,100    7,480    8,400    292,290    5,000   2,000    7,000
Fort William     182,000   600      27,000 3,000      2,071     7,220    8,761    8,000    238,652    460     3,300    3,760
Georgina
                 32,150    500      8,500    13,000   1,500     2,500    8,000    1,700    67,850     ...     1,000    1,000
Island
Golden Lake     3,000      700    4,000      3,100    900       1,400 3,000 3,000          19,100     ...     600      600
Gore Bay        80,000     15,020 30,000     22,700   8,500     15,260 7,200 16,400        195,080    ...     ...      ...
Kenora          125,897    808    47,560     225      6,025     6,710 36,820 20,420        244,465    ...     ...      ...
Manitowaning    247,000    21,370   69,075 33,100     43,500    31,650   18,190   42,710   506,595    700     400      1,100
Moravian        75,200     5,000    80,000 7,500      10,000    12,000   1,200    2,500    143,400    500     1,500    2,000
New Credit      225,000    11,500   50,300 8,900      12,000    20,350   1,000    14,900   343,950    388     1,290    1,678
Parry Sound     122,000    950      20,900 20,300     7,980     13,520   7,621    16,000   209,271    ...     3,000    3,000
Rama            50,000     4,100    28,250 13,200     2,500     3,545    2,000    7,500    111,095    650     2,000    2,650
Rice Lake       115,000    4,000    55,500 11,500     8,500     19,500   7,700    11,700   233,400    ...     2,500    2,500
Sarnia          630,450    15,400   104,300 38,500    26,000    25,700   6,400    30,500   877,250    75      7,000    7,075
Saugeen         80,000     2,000    24,500 30,000     5,000     18,000   3,000    4,500    167,000    1,400   10,500   11,900
Sault Ste.
                54,900     2,725    27,000   33,250   6,975     16,300 10,500 13,500       165,150    ...     8,000    8,000
Marie
Savanne         101,910 468       9,575   25          4,300     1,096 42,935 23,200        183,509 ...        ...      ...
Scugog          60,000    2,000 2,000     500         400       600     300   950          66,750    ...      ...      ...
Six Nations     1,092,400 436,960 680,000 60,500      297,200   270,240 4,500 76,400       2,918,200 ...      800      800

<!-- page 66 -->
                                                Value of                                                 Progress During The Year 1923
                                                                     Value                     Total
                    Total     Value             Public    Value of           Value
                                      Value of                       of Live         Value of Value of                          Total
                    Value of of                 Buildings Implements         of
Agencies                              Private                        Stock           Household Real and Value of      Value of
                                                                                                                                Increase
                    Lands in Private            Property and                 General
                                      Building                       and             Effects   Personal New Land      Buildings
                                                                                                                                in
                    Reserve Fencing             of the    Vehicles           Effects
                                                                     Poultry                   Property Improvement Erected Value
                                                Band
...                 $         $       $         $         $          $       $       $         $         $            $         $
ONTARIO - Con.      ...       ...     ...       ...       ...        ...     ...     ...       ...       ...          ...       ...
Sturgeon Falls      242,190 2,350 51,200        11,500    5,300      17,600 23,000 43,000      396,140 ...            2,200     2,200
Thessalon           120,064 9,705 14,500        10,000    4,580      10,800 12,643 8,363       199,655 750            ...       750
Tyendinaga          645,300 134,825 100,000 44,800        42,800     80,000 2,645 55,800       1,106,170 ...          ...       ...
Total               4,939,406 701,621 1,669,510 459,425 560,806      655,116 236,055 469,868   9,691,807 2,225        28,500    30,725
PRINCE EDWARD
               20,000        1,750     10,000    10,000    1,150     2,600    3,200    3,300    52,000   50           ...       50
ISLAND
Quebec        ...       ...            ...       ...       ...       ...     ...     ...        ...       ...         ...       ...
Bécancour     5,000     460            1,500     ...       180       545     200     280        8,165     ...         ...       ...
Bersimis      51,000    675            52,700    33,000    800       3,300 8,700 14,000         164,175 1,150         9,700     10,850
Cacouna       6,000     ...            2,650     ...       740       250     ...     1,325      10,965    ...         ...       ...
Caughnawaga   750,000 8,000            150,000   75,000    32,000    60,000 20,000 100,000      1,495,000 500         1,200     1,700
Jeune Lorette 30,000    500            49,000    27,000    3,600     1,400 1,460 17,500         180,410 ...           2,000     2,000
Maniwaki      34,920    4,170          20,535    2,095     11,163    12,30,0 6,710 13,090       105,273 400           600       1,000
Maria         24,000    560            3,000     2,000     200       300     750     2,000      32,810    300         200       500
Mingan        ...       ...            3,000     2,000     ...       ...     7,700 2,000        14,700    ...         ...       ...
Oka           ...       3,000          20,000    3,000     4,000     9,000 ...       5,000      44,000    400         3,000     3,400
Pierreville   35 000    1,000          61,500    2,500     1,200     3,500 2,000 16,000         122,700 500           1,100     1,600
Pointe Bleue  40,000    5,900          35,000    6,000     17,000    13,500 15,000 13,000       145,400 500           4,000     5,500
Restigouche   173,000 12,100           56,000    ...       15,000    10,000 15,000 17,000       301,100 ...           5,000     5,000
Seven Islands 500       ...            8,800     4,000     ...       ...     6,000 12,000       31,300    ...         ...       ...
St. Regis     256,000 2,000            110,000   15,000    13,950    38,000 10,000 39,000       483,950 6,000         10,000    16,000
Timiskaming   35,000    1,600          8,500     1,750     2,800     4,800 8,500 3,800          66,750    ...         250       250
Total         1,440,420 40,165         882,185   173,345   102,633   156,985 105,010 255,995    3,156,738 10,750      37,050    47,800
SASKATCHEWAN ...        ...            ...       ...       ...       ...     ...     ...        ...       ...         ...       ...
Assiniboine   428,858 5,461            20,015    4,035     22,880    36,855 770      8,985      527,859 ...           685       685
Battleford    3,234,773 32,600         76,200    21,300    82,400    74,300 17,600 19,800       3,558,973 4,850       6,500     11,350
Carlton             1,545,224 12,646   69,097    32,425    30,422    67,523   7,720    10,866   1,775,923 4,088       785       5,773
Crooked Lakes       1,036,662 34,200   62,700    ...       63,945    60,030   5,100    15,400   1,328,037 8,050       1,070     9,120
Duck Lake           1,769,815 20,308   35,450    17,900    33,600    80,214   6,300    24,550   1,988,137 3,735       ...       3,735
File Hills Agency   525,000 4,000      9,000     300       5,600     13,700   1,150    3,400    562,150 190           30        220
File Hills Colony   400,000 600        50,000    12,000    21,000    25,000   600      8,000    517,200 225           300       525
Isle à la Crosse    4,103     330      26,880    400       ...       ...      39,014   5,320    76,047    ...         ...       ...
Moose Mountain      250,800 2,500      9,500     3,000     9,000     10,700   2,000    2,000    289,500 175           100       275

