=== TABLE HEADER (the column definitions of this table, printed once at the start of the statement; use to name the columns) ===

TABLE No. 5: VALUE OF REAL AND PERSONAL PROPERTY AND PROGRESS
DURING YEAR
                                          Value of
                                                               Value of          Value Total
            Total     Value               Public    Value of            Value
                               Value of                        Live              of       Value of
            Value of of                   Buildings Implements          of
Agencies.                      Private                         Stock             House- Real and          Progress During Year 1918 - 1919
            Lands in Private              Property and                  General
                               Buildings.                      and               hold     Personal
            Reserves. Fencing.            of the    Vehicles.           Effects.
                                                               Poultry.          Effects. Property.
                                          Band.
                                                                                                                                  Total
                                                                                                          Value fo New Value of
                                                                                                                                  Increase
...            ...         ...      ...       ...       ...       ...       ...      ...      ...         Land          Buildings
                                                                                                                                  in
                                                                                                          Improvements. Erected.
                                                                                                                                  Value.
ALBERTA.       $           $        $         $         $         $         $        $        $           $             $         $
Blackfoot      2,812,530   15,500   100,100   12,000    60,000    175,000   5,500    25,000   3,205,630   500           600       1,100
Blood          7,081,720   18,000   60,000    40,000    75,000    250,000   15,000   10,000   7,549,720   500           1,000     1,500
Edmonton       1,178,633   12,210   53,635    11,100    20,275    60,095    5,570    8,000    1,349,518   1,828         ...       1,828
Hobbema   

=== EXTRACT FROM HERE (pages 63-67) ===

TABLE No. 5: VALUE OF REAL AND PERSONAL PROPERTY AND PROGRESS
DURING YEAR
                                          Value of
                                                               Value of          Value Total
            Total     Value               Public    Value of            Value
                               Value of                        Live              of       Value of
            Value of of                   Buildings Implements          of
Agencies.                      Private                         Stock             House- Real and          Progress During Year 1918 - 1919
            Lands in Private              Property and                  General
                               Buildings.                      and               hold     Personal
            Reserves. Fencing.            of the    Vehicles.           Effects.
                                                               Poultry.          Effects. Property.
                                          Band.
                                                                                                                                  Total
                                                                                                          Value fo New Value of
                                                                                                                                  Increase
...            ...         ...      ...       ...       ...       ...       ...      ...      ...         Land          Buildings
                                                                                                                                  in
                                                                                                          Improvements. Erected.
                                                                                                                                  Value.
ALBERTA.       $           $        $         $         $         $         $        $        $           $             $         $
Blackfoot      2,812,530   15,500   100,100   12,000    60,000    175,000   5,500    25,000   3,205,630   500           600       1,100
Blood          7,081,720   18,000   60,000    40,000    75,000    250,000   15,000   10,000   7,549,720   500           1,000     1,500
Edmonton       1,178,633   12,210   53,635    11,100    20,275    60,095    5,570    8,000    1,349,518   1,828         ...       1,828
Hobbema        917,040     21,748   22,300    ...       53,185    100,000   5,444    21,180   1,140,897   1,000         1,500     2,500
Lesser Slave
               1,293,630 1,304      34,900    ...       12,945    58,510    13,700 12,980 1,427,969 710                 600       1,310
Lake
Peigan      977,210    3,805        28,480    22,200    39,754    104,950   11,776   8,760 1,196,935 500                1,200     1,700
Saddle Lake 880,176    3,145        28,150    1,000     21,300    74,630    4,470    7,046 1,019,917 1,200              1,600     2,800
Sarcee      1,180,120 11,000        20,000    36,500    14,000    58,340    800      1,500 1,322,260 600                800       1,400
Stony       264,774    8,000        15,300    500       13,000    42,400    3,000    10,000 356,974     500             1,000     1,500
Total       16,585,833 94,712       362,865   123,300   309,469   923,925   65,260   104,466 18,569,820 7,338           8,300     15,638
BRITISH
            ...        ...          ...       ...       ...       ...       ...      ...      ...         ...           ...       ...
COLUMBIA.
Babine         65,500      18,000 125,000     16,000    15,000    33,500    45,000   32,000   350,000     400           600       1,000
Bella Coola    356,600     3,350   104,500    8,500     12,500    19,000    98,000   40,000   642,450     500           8,500     9,000
Cowichan       1,762,700   110,050 171,200    2,500     42,260    47,725    34,625   51,700   2,222,760   575           1,000     1,575
Kamloops       3,748,514   54,215 120,980     36,275    97,608    405,328   15,190   15,850   4,493,960   3,750         2,850     6,600
Kootenay       142,085     14,461 19,460      117,700   21,708    103,610   4,956    6,530    430,510     ...           250       250
Kwawkewlth     278,321     1,360   72,815     1,875     8,900     640       47,800   64,200   475,911     1,000         10,300    11,300
Lytton         697,478     17,555 61,925      22,920    31,194    73,395    5,875    19,875   930,217     6,150         4,200     10,350
Nass River1    300,665     11,300 108,145     48,600    600       3,850     27,000   16,100   516,260     750           1,800     2,550
New
               1,606,145 12,851     141,000   53,700    13,000    56,415    47,290 63,200 1,993,601 1,000               20,900    21,900
Westminster
Okanagan       1,920,230 39,400     186,200   27,000    46,875    313,690   8,500    19,000 2,560,895 8,150             4,750     12,900
Queen
               95,000      1,200    33,000    2,000     29,000    2,700     16,000 14,000 192,900         ...           3,200     3,200
Charlotte
Skeena
               700,156     6,750    186,500   50,790    2,400     720       75,000 29,000 1,051,316 500                 2,500     3,000
River1
Stikine        2,100       60       22,672    ...       5,798     1,064     17,335 31,265 80,294          150           650       800
Stuart Lake    245,790     11,115   78,930    24,850    9,105     42,150    22,605 19,720 454,265         1,785         3,150     4,935

<!-- page 64 -->
West Coast    114,000     3,635    107,500   ...       1,410          4,430     60,400 31,650 323,025     300       900      1,200
Williams
              829,910     21,165   42,200    7,000     28,950         117,250   8,119   12,060 1,066,644 2,150      ...      2,150
Lake
Total      12,865,194 326,467 1,582,027 419,710        366,308        1,225,467 533,695 466,140 17,785,008 27,160   65,550   92,710
MANITOBA. ...         ...     ...       ...            ...            ...       ...     ...     ...        ...      ...      ...
Birtle     629,275    1,550   18,050    1,380          17,885         40,134    3,230 3,150 714,654        1,638    580      2,218
Clandeboye 398,906    700     31,325    550            3,545          42,237    6,900 10,000 494,253       1,500    2,500    4,000
Fisher River 809,970      13,125   62,250    11,050    16,055         29,600    13,250 24,800 980,100     2,000     7,850    9,850
Griswold     201,580      1,045    16,320    7,200     25,700         23,480    2,350 4,000 281,675       1,080     ...      1,080
Manitowanah 270,179       2,325    28,775    15,550    13,930         76,645    14,850 12,050 434,304     1,140     660      1,740
Norway
             52,416       580      42,800    ...       800            1,860     40,600 14,500 153,056     ...       ...      ...
House
Pas           266,050     4,100    36,500    4,500     6,100          36,800    68,115 19,500 441,665     1,500     1,000    2,500
Portage la
              354,040     3,350    8,775     9,800     19,550         25,325    1,550   4,300   426,690   2,385     150      2,535
Prairie
Total         2,982,416 26,865     244,795   50,030    103,565        276,081   150,345 92,300 3,926,397 11,243     12,680   23,923

[1Nass Agency subdivided into the Nass and Skeena Rivers Agencies.]

<!-- page 65 -->
                                             Value of
                                                                  Value             Value Total
               Total     Value               Public    Value of            Value
                                  Value of                        of Live           of       Value of
               Value of of                   Buildings Implements          of
Agencies.                         Private                         Stock             House- Real and Progress During Year 1918 - 1919
               Lands in Private              Property and                  General
                                  Buildings.                      and               hold     Personal
               Reserves. Fencing.            of the    Vehicles.           Effects.
                                                                  Poultry.          Effects. Property.
                                             Band.
                                                                                                                               Total
                                                                                                       Value fo New Value of
                                                                                                                               Increase
...            ...       ...      ...        ...       ...        ...      ...      ...      ...       Land          Buildings
                                                                                                                               in
                                                                                                       Improvements. Erected.
                                                                                                                               Value.
NEW
           $             $        $         $         $           $        $        $        $         $             $         $
BRUNSWICK.
Northern
               20,000    150      13,000    14,000    1,200       2,500    500      3,000    54,350    100           200       300
Division
Northeastern
               50,000    2,300    27,000    33,000    5,000       5,100    6,000    15,000 143,400     50            250       300
Division
Southwestern
               6,900     205      9,125     16,000    400         695      1,242    1,625    36,192    100           100       200
Division
Total          76,900    2,655    49,125    63,000    6,600       8,295    7,742    19,625 233,942     250           550       800
NOVA
               ...       ...      ...       ...       ...         ...      ...      ...      ...       ...           ...       ...
SCOTIA.
Annapolis      1,000     50       1,250     ...       100         ...      50       150      2,600     ...           ...       ...
Antigonish &
               10,700    1,090    2,250     3,000     125         595      300      490      18,550    ...           250       250
Guysboro
Cape Breton
               15,000    900      3,700     3,700     900         2,000    900      700      27,800    200           500       700
(Eskasoni)
Cape Breton
               8,500     ...      5,000     ...       ...         ...      1,250    1,250    16,000    ...           ...       ...
(Sydney)
Colchester     2,000    100       4,500     1,000     350         650      250      550      9,400     100           100       200
Cumberland     1,250    ...       1,000     ...       100         150      125      125      2,750     ...           ...       ...
Digby          1,675    65        2,000     1,600     60          95       300      700      6,495     ...           ...       ...
Halifax        1,650    690       4,670     ...       350         1,650    980      1,720    11,710    ...           ...       ...
Hants          10,510   500       5,000     2,500     1,900       2,000    700      2,500    25,610    50            200       250
Inverness      9,725    1,100     9,600     4,200     550         7,150    550      850      33,725    100           500       600
Kings          4,000    200       2,000     ...       300         775      1,075    1,000    9,350     ...           100       100
Lunenburg      4,000    300       8,800     1,000     950         2,300    750      1,800    19,900    ...           ...       ...
Pictou         1,000    150       4,700     4,000     250         300      2,000    1,500    13,900    ...           ...       ...
Queens         1,000    700       200       100       200         250      100      200      2,750     ...           ...       ...
Richmond       7,000    400       3,200     12,000    850         1,500    1,200    800      26,950    175           ...       175
Shelburne      ...      ...       700       ...       40          100      500      500      1,840     ...           ...       ...
Victoria       6,500    350       2,000     3,240     365         1,450    500      650      15,055    100           ...       100
Yarmouth       150      ...       150       ...       ...         ...      ...      ...      300       ...           ...       ...
Total          85,660   6,595     60,720    36,340    7,390       20,965   11,530   15,485   244,685   725           1,650     2,375
ONTARIO.       ...      ...       ...       ...       ...         ...      ...      ...      ...       ...           ...       ...

<!-- page 66 -->
Alnwick        75,000    5,000    23,750   4,000      5,730     9,205    1,590   8,800    133,075   1,500   2,000    3,500
Cape Croker    120,000   5,000    50,000   20,000     5,000     20,000   5,000   5,000    240,000   1,000   2,000    3,000
Caradoc        142,590   17,325   93,310   ...        23,314    29,960   750     32,725   339,974   435     2,050    2,485
Chapleau       18,400    350      11,000   800        ...       250      6,000   ...      36,800    ...     ...      ...
Christian
               29,400    950      7,500    6,500      2,400     7,850    3,000   2,800    60 400    200     400      600
Island
Fort Frances   240,750   1,000    23,000   8,600      9,635     7,300    6,480   8,400    305,165   3,000   ...      3,000
Fort William   175,000   500      25,000   3,000      1,500     9,000    7,000   8,000    229,000   100     100      200
Georgina
               32,150    1,000    8,000    1,300      1,840     5,075    1,930   1,650    52,945    100     200      300
Island
Golden Lake 3,000         700     4,000     3,100     1,200     2,100 2,000 3,000 19,100          150       300      450
Gore Bay        100,000 24,000 30,000       22,700    10,000    30,000 9,000 20,000 245,700 3,000           1,500    4,500
Kenora          123,092 915       13,375    500       4,875     9,450 27,585 18,940 198,732 ...             750      750
Manitowaning 247,000 18,485 64,350          28,100    46,200    83,735 20,150 44,250 552,270 620            3,075    3,695
Moravian        95,300    5,850   30,600    5,000     8,500     20,000 1,100 1,100 167,450 500              600      1,100
New Credit      215,000 10,000 47,000       10,100    10,500    26,380 700      13,000 332,680 150          350      500
Parry Sound     121,000 950       21,900    17,300    3,860     20,225 7,450 17,500 210,185 500             500      1,000
Rama            40,000    4,000   20,400    13,200    1,500     3,400 1,500 7,150 91,150          ...       200      200
Rice Lake       110,000 2,900     45,000    9,000     7,000     24,950 7,025 11,000 216,875 500             1,000    1,500
Sarnia          628,267 14,723 82,135       27,500    23,849    45,890 5,200 30,000 857,564 ...             3,000    3,000
Saugeen         70,000    1,600   14,000    25,000    3,500     15,000 1,500 5,000 135,000 ...              2,000    2,000
Sault Ste Marie 50,400    2,000   27,000    25,500    6,650     14,250 9,520 12,750 148,670 650             850      1,500
Savanne         101,570 265       7,650     50        3,150     1,150 27,500 16,760 158,005 ...             225      225
Scugog          68,000    1,800   2,000     500       700       1,500 350       1,050 75,900      ...       ...      ...
Six Nations     1,092,400 436,960 674,000 57,000      290,000   296,000 4,000 75,000 2,926,360 2,000        3,000    5,000
Sturgeon Falls 242,190 2,350      36,000    11,500    4,200     14,200 16,500 35,000 361,940 500            3,000    3,500
Thessalon       134,650 9,400     12,700    10,000    1,250     9,400 11,800 7,500 196,700 600              500      1,100
Tyendinaga      645,300 134,825 97,000      44,800    42,755    84,335 2,645 55,800 1,102,460 ...           7,350    7,350
Total           4,920,459 703,448 1,470,670 365,050   519,108   790,605 187,275 442,175 9,398,790 15,505    34,950   50,455

<!-- page 67 -->
                                                    Value of
                                                                         Value             Value Total
                    Total       Value               Public    Value of            Value
                                         Value of                        of Live           of       Value of
                    Value of    of                  Buildings Implements          of
Agencies.                                Private                         Stock             House- Real and      Progress During Year 1918 - 1919
                    Lands in    Private             Property and                  General
                                         Buildings.                      and               hold     Personal
                    Reserves.   Fencing.            of the    Vehicles.           Effects.
                                                                         Poultry.          Effects. Property.
                                                    Band.
                                                                                                                                        Total
                                                                                                                Value fo New Value of
                                                                                                                                        Increase
...                 ...         ...      ...        ...       ...         ...      ...     ...      ...         Land          Buildings
                                                                                                                                        in
                                                                                                                Improvements. Erected.
                                                                                                                                        Value.
...           $                 $        $          $         $           $        $       $        $           $             $         $
PRINCE EDWARD
              20,000            1,750    10,000     10,000    1,100       3,200    3,000   3,500    52,550      50            1,050     1,100
ISLAND.
QUEBEC.             ...         ...      ...        ...       ...         ...      ...     ...      ...         ...           ...       ...
Becancour           4,500       175      3,500      ...       325         1,150    750     500      10,900      ...           ...       K
Bersimis            36,000      500      18,000     2,000     200         1,200    5,000   7,000    69,900      100           100       200
Cacouna             1,200       ...      3,650      ...       150         200     ...      1,250    6,450       ...           ...       ...
Caughnawaga         750,000     9,200    415,000    60,500    40,500      130,000 22,000   66,000   1,493,200   500           5,000     5,500
Jeune Lorette       20,000      450      40,000     2,000     1,200       1,000 1,000      12,000   77,550      ...           ...       ...
Maniwaki            31,915      4,015    14,915     2,095     7,125       12,480 6,345     10,445   89,335      115           1,375     1,490
Maria               22,600      540      2,000      3,500     800         900     300      2,000    32,640      ...           ...       ...
Mingan              ...         ...      4,000      2,000     ...         ...     7,525    5,000    18,525      ...           500       500
Oka                 ...         4,000    40,000     3,000     10.000      16,000 ...       5,000    78,000      ...           ...       ...
Pierreville         32,000      1 200    60,000     2,000     1,000       3,500 1,000      15 000   115 700     ...           ...       ...
Pointe Bleue        34,500      5,000    26,500     6,000     5,500       9,500 15,000     10,000   12,000      ...           ...       ...
Restigouche         173,000     12,400   50,800     ...       15,000      9,000 18,000     15,200   293,400     100           ...       100
Seven Islands     500           ...      3,000      1,200     ...         ...     5,900    12,000 22,600        ...           ...       ...
St. Regis         230,000       1,500    80,000     15,000    10,000      30,000 2,000     17,000 385,500       ...           ...       ...
Timiskaming       25,000        700      7,000      1,000     1,500       6,500 1,000      1,500 44,200         ...           100       100
Total             1,361,215     39,680   768,365    100,295   93,300      221,430 85,820   179,895 2,850,000    815           7,075     7,890
SASKATCHEWAN. ...               ...      ...        ...       ...         ...     ...      ...     ...          ...           ...       ...
Assiniboine       415,833       6,325    18,980     3,950     19,305      64,165 1,350     6,157 536,065        ...           ...       ...
Battleford        1,504,783     10,575   25,800     200       44,750      99,275 10,150    15,000 1,710,533     3,600         ...       3,600
Carlton           1,545,224     12,955   64,055     32,500    29,909      11,234 8,633     17,814 1,722,324     110           500       610
Crooked Lake      1,086,662     34,000   52,920     6,575     44,950      99,270 3,000     12,500 1,330,877     4,000         4,000     8,000
Duck Lake         1,832,310     25,977   41,385     17,500    48,560      143,551 4,339    13,015 2,126,637     2,685         1,685     4,370
File Hills Agency 607,470       6,540    13,650     300       11,000      32,400 1,750     5,600 678,710        450           3,000     3,450
File Hills Colony   376,800     450      54,500     ...       19,000      30,000   500     7,000    488,250     115           6,000     6,115
Moose Mountain      241,000     1,200    9,500      2,500     9,300       35,000   2,100   5,000    305,600     250           100       350
Moose Woods         65,000      1,000    4,500      700       5,100       29,000   500     5,000    110,800     200           50        250
Onion Lake          2,152,512   17,100   41,800     4,000     20,200      94,830   8,400   11,900   2,350,742   100           75        175
Pelly               669,924     4,200    30,000     3,700     25,500      65,050   4,600   12,750   815,624     350           1,450     1,800

