=== TABLE HEADER (the column definitions of this table, printed once at the start of the statement; use to name the columns) ===

TABLE No. 6. - SOURCES AND VALUE OF INCOME

                                                                                     Annuities
               Value of    Value of          Received          Earned Earned by
                                                                                     paid and
               Farm        Beef sold         from Land Earned by         other                   Total
                                     Wages                                           Interest on
Agencies.      Products    also of           Rentals   by      Hunting Industries                Income of
                                     Earned.                                         Indian
               including   that used         and from Fishing. and       and                     Indians.
                                                                                     Trust
               Hay.        for food.         Timber.           Trapping. Occupations
                                                                                     Funds.
ALBERTA.       $           $         $       $         $       $         $           $ cts.      $ cts.
Blackfoot      11,000      4,300     8,000 ...         100     2,000     42,000      25,922 05 93,322 05
Blood          17,000      12,348    15,000 ...        ...     1,000     10,000      6,185 35 61,533 35
Edmonton       105,372     18,776    19,000 ...        1,250 7,425       13,691      22,291 53 187,805 63
Hobbema        122,726     6,540     11,700 ...        710     975       37,190      6,638 99 186,479 99
Lesser Slave
               29,679      ...       ...      ...       ...     ...       ...        13,520 00 43,199 00
Lake
Peigan      ...            63,936    4,989    2,959     ...     300       3,300      5,759 37    81,243 37
Saddle Lake 35,350         5,615     6,490    ...       1,315   4,925     5,445      4,495 23    63,635 23
Sarcee      9,650          3,324     2,000    10,300    ...     500       4,000      1,086 26    30,860 26
Stony       1,860          2,010     22,424   3,084     ...     14,196    16,554     4,105 49    63,233 49
Total       332,637        116,849   89,603   163,343   3,375   31,321    131,180    90,004 27   811,312 27
BRITISH
            ...            ...       ...      ...       ...     ...       ...        ...         ...
COLUMBIA.
Babine         67,000      1,500     50,000   ...       11,000 21,000     34,500     224 95      185,224 95
Bel

=== EXTRACT FROM HERE (pages 70-74) ===

TABLE No. 6. - SOURCES AND VALUE OF INCOME

                                                                                     Annuities
               Value of    Value of          Received          Earned Earned by
                                                                                     paid and
               Farm        Beef sold         from Land Earned by         other                   Total
                                     Wages                                           Interest on
Agencies.      Products    also of           Rentals   by      Hunting Industries                Income of
                                     Earned.                                         Indian
               including   that used         and from Fishing. and       and                     Indians.
                                                                                     Trust
               Hay.        for food.         Timber.           Trapping. Occupations
                                                                                     Funds.
ALBERTA.       $           $         $       $         $       $         $           $ cts.      $ cts.
Blackfoot      11,000      4,300     8,000 ...         100     2,000     42,000      25,922 05 93,322 05
Blood          17,000      12,348    15,000 ...        ...     1,000     10,000      6,185 35 61,533 35
Edmonton       105,372     18,776    19,000 ...        1,250 7,425       13,691      22,291 53 187,805 63
Hobbema        122,726     6,540     11,700 ...        710     975       37,190      6,638 99 186,479 99
Lesser Slave
               29,679      ...       ...      ...       ...     ...       ...        13,520 00 43,199 00
Lake
Peigan      ...            63,936    4,989    2,959     ...     300       3,300      5,759 37    81,243 37
Saddle Lake 35,350         5,615     6,490    ...       1,315   4,925     5,445      4,495 23    63,635 23
Sarcee      9,650          3,324     2,000    10,300    ...     500       4,000      1,086 26    30,860 26
Stony       1,860          2,010     22,424   3,084     ...     14,196    16,554     4,105 49    63,233 49
Total       332,637        116,849   89,603   163,343   3,375   31,321    131,180    90,004 27   811,312 27
BRITISH
            ...            ...       ...      ...       ...     ...       ...        ...         ...
COLUMBIA.
Babine         67,000      1,500     50,000   ...       11,000 21,000     34,500     224 95      185,224 95
Bella Coola    6,450       2,000     9,100    3,260     106,000 48,500    50,000     16 59       225,326 59
Cowichan       44,550      4,075     87,900   ...       39,900 1,750      7,100      3,394 22    188,669 22
Kamloops       455,747     ...       ...      6,560     ...     2,050     ...        1,018 27    465,365 27
Kootenay       45,095      13,550    31,000   ...       850     7,000     3,525      39 81       101,059 81
Kwawkewlth     1,150       ...       27,950   5,120     182,500 7,850     31,500     68 35       256,138 35
Lytton         37,351      14,730    64,670   ...       ...     3,761     6,770      863 95      128,145 95
Nass River1    20,750      480       28,500   ...       31,500 15,960     10,550     1,860 10    109,600 10
New
               28,600      3,300     68,800 2,500       58,900 27,800     57,250     6,928 72    254,078 72
Westminster
Okanagan       138,750     16,900    23,550 5,480       ...     2,150     960        410 71      188,200 71
Queen
               3,000       4,000     20,000 500         25,000 8,000      14,000     31 56       74,531 56
Charlotte
Stikine        885         ...       34,035 ...         7,485 83,526      18,455     ...         144,386 00
Stuart Lake    29,285      6,355     11,620 ...         13,065 33,940     5,200      2,218 00    101,683 00
West Coast     178         75        ...    115         104,500 110       6,315      21 70       111,314 70
Williams
               52,940      6,425     28,000 ...         ...     35,265    7,700      33 36       130,363 36
Lake
Skeena
               22,500      ...       56,360 ...         139,370 27,897    33,880     1,500 00    281,507 00
River1
Total          954,231     73,390    541,485 23,525     720,070 326,550   287,705    18,630 29 2,945,595 29

<!-- page 71 -->
MANITOBA. ...            ...        ...      ...        ...      ...       ...      ...         ...
Birtle       66,044      1,725      4,985    604        670      3,175     3,600    4,043 21    84,846 21
Clandeboye 24,480        4,625      26,130   595        20,895   32,610    11,525   7,119 25    127,979 25
Fisher River 19,800      3,650      24,500   ...        16,000   11,500    14,250   13,648 23   103,348 23
Griswold     42,233      1,000      5,000    ...        300      3,300     1,800    3 60        53,636 60
Manitowapah 35,235       5,700      20,000   3,925      21,800   5,500     5,950    9,295 44    107,405 44
Norway
             3,890       ...        21,500 ...          28,100 74,000      19,500   13,105 00 160,095 00
House
Pas           20,200     3,600      23,000 ...          5,000    109,000   ...      13,804 02 174,604 02
Portage la
              64,712     200        6,500    ...        ...      1,700     2,000    7,218 33    82,330 33
Prairie
Total         276,594    20,500     131,615 5,124       92,765 240,785     58,625   68,237 08 894,245 08

[1Nass Agency subdivided into the Nass and Skeena River Agencies.]

<!-- page 72 -->
                         Value of          Received                                Annuities
               Value of                                      Earned Earned by
                         Beef              from                                    paid and
               Farm                                 Earned by          other                   Total
                         sold also Wages   Land                                    Interest on
Agencies.      Products                             by       Hunting Industries                Income of
                         of that Earned.   Rentals                                 Indian
               including                            Fishing. and       and                     Indians.
                         used for          and from                                Trust
               Hay.                                          Trapping. Occupations
                         food.             Timber.                                 Funds.
NEW
           $            $        $         $         $       $         $           $           $
BRUNSWICK.
Northern
               2,800    ...      15,000    100       100     100       ...         1,696 84    19,796 84
Division
Northeastern
               4,600    200      8,500     2,600     6,500   500       2,400       482 84      25,782 84
Division
Southwestern
               1,100    ...      14,300    ...       200     1,325     2,475       35 71       19,435 71
Division
Total          8,500    200      37,800    2,700     6,800   1,925     4,875       2,215 39    65,015 39
NOVA
               ...      ...      ...       ...       ...     ...       ...         ...         ...
SCOTIA.
Annapolis      151      ...      600       ...       ...     100       100         ...         950 00
Antigonish and
               550      100      5,000     ...       525     550       3,000       33 47       9,758 47
Guysboro
Cape Breton
               1,840    300      330       ...       250     175       200         ...         3,095 00
(Eskasoni)
Cape Breton
               ...      ...      15,000    ...       ...     ...       2,500       14 59       17,514 59
(Sydney)
Colchester     455      ...      5,500     ...       ...     600       6,500       ...         13,055 00
Cumberland     150      ...      1,400     ...       ...     250       600         78 85       2,478 85
Digby          400      ...      2,250     ...       50      400       1,500       ...         4,600 00
Halifax        2,150    1,700    14,500    ...       100     ...       10,900      ...         29,350 00
Hants          1,300    700      700       ...       100     1,000     2,025       17 08       5,842 08
Inverness      2,700    175      7,000     ...       2,700   1,500     900         ...         14,975 00
Kings          790      75       6,000     ...       100     500       500         ...         7,965 00
Lunenburg      3,100    875      3,800     80        400     475       1,800       0 15        10,530 15
Picton         500      ...      10,000    ...       500     ...       400         ...         11,400 00
Queens         800      150      1,000     ...       200     100       350         137 32      2,737 32
Richmond       2,400    280      3,200     ...       600     70        1,800       ...         8,350 00
Shelburne      100      ...      500       ...       250     300       200         ...         1,350 00
Victoria       2,855    250      6,500     ...       650     450       5,400       10 00       16,115 00
Yarmouth       ...      ...      100       ...       ...     ...       ...         ...         100 00
Total          20,240   4,605    83,380    80        6,425   6,470     38,675      291 46      160,166 46
ONTARIO.       ...      ...      ...       ...       ...     ...       ...         ...         ...
Alnwich        3,690    100      6,000     2,302     100     3,325     360         8,004 00    23,881 00
Cape Croker    6,000    2,000    10,000    5,000     5,000   1,000     1,000       22,435 02   52,435 02
Caradoc        33,870   2,368    85,740    10,440    115     680       1,380       3,774 97    138,367 97

<!-- page 73 -->
Chapleau         700       ...      3,000     ...      500      50,000   ...       12,932 00 67,132 00
Christian
                 3,000     400      3,000     ...      300      200      2,000     6,463 95    15,363 95
Island
Ft. Frances      4,800     ...      35,000    390      39,400 49,000     4,500     10,925 16 144,015 16
Ft. William      1,400     200      34,000    600      20,000 50,000     3,000     12,527 10 121,727 10
Georgina
                 3,100     680      7,500     280      425      240      600       1,689 06    14,514 06
Island
Golden Lake      900       1,000    4,000     100      ...      2,000    1,000     10 47       9,010 47
Core Bay         19,700    ...      29,000    ...      150      500      3,000     11,984 79   64,334 79
Kenora           13,880    95       46,520    85       36,360   57,610   28,220    11,465 93   194,235 93
Manitowaning     70,460    16,705   266,100   2,300    8,050    12,750   19,360    20,345 57   416,070 57
Moravian         16,835    1,200    32,000    450      200      200      200       7,205 59    58,290 59
New Credit       28,290    3,100    29,500    4,500    100      400      3,000     5,947 53    74,837 53
Parry Sound      8,210     2,100    39,500    ...      ...      6,000    ...       9,534 23    65,344 23
Rama             9,200     400      20,000    300      2,200    4,000    4,000     3,370 67    43,470 67
Rice Lake        23,442    6,500    14,000    750      1,200    7,500    4,000     3,066 19    60,458 19
Sarnia           44,920    4,900    51,755    3,500    900      2,500    5,300     13,486 75   127,261 75
Saugeen          7,500     1,000    18,000    10,000   1,200    1,000    3,000     17,598 46   59,298 45
Sault Ste.
                 14,600    1,500    15,500    ...      12,000 17,000     6,800     14,192 19 81,592 19
Marie
Savanne          6,325     130      38,485    ...      38,470 84,850     10,250    7,136 13 185,646 13
Scugog           2,050     650      900       80       50      1,050     1,000     765 16     6,545 16
Six Nations      450,700   ...      178,000 4,750      ...     ...       ...       48,186 86 681,616 86
Sturgeon Falls   9,200     1,100    26,500    ...      4,000 132,000     7,000     56,456 61 236,256 61
Thessalon        16,000    ...      30,000    400      1,400 18,400      725       6,635 93 73,560 93
Tyendinaga       100,000   5,000    48,000    8,500    2,000 500         1,000     6,425 31 71,425 31
Total            898,772   51,128   1,072,000 54,727   174,120 502,705   110,605   322,545 62 3,186,692 62

<!-- page 74 -->
                            Value
                            of Beef         Received                                 Annuities
                  Value of                                    Earned Earned by
                            sold            from                                     paid and
                  Farm                               Earned by          other                  Total
                            also of Wages Land                                       Interest
Agencies.         Products                           by       Hunting Industries               Income of
                            that    Earned. Rentals                                  on Indian
                  including                          Fishing. and       and                    Indians.
                            used            from                                     Trust
                  Hay.                                        Trapping. Occupations.
                            for             Timber.                                  Funds.
                            food.
...               $         $       $       $        $        $         $            $ cts.    $ cts.
PRINCE EDWARD
              2,900         200      1,500   ...      650     75        6,000       ...        11,325 00
ISLAND.
QUEBEC.           ...       ...      ...     ...      ...     ...       ...         ...        ...
Becancour         1,300     90       600     ...      50      80        ...         387 63     2,507 63
Bersimis          700       150      1,200 2,500      800     40,000    20,000      304 47     47,654 47
Cacouna           ...       ...      2,400 ...        50      350       1,500       458 90     4,758 90
Caughnawaga       110,000   18,000   250,000 7,600    400     500       15,000      1,739 24   403,239 24
Jeune Lorette     ...       ...      25,000 ...       ...     1,000     18,000      831 30    444,831 30
Maniwaki          9,674     370      32,015 7,125     250     46,170    1,095       2,658 72 99,357 72
Maria             800       180      4,600 ...        300     500       1,500       ...       7,880 00
Minigan           ...       ...      ...     ...      1,500   10,000    ...         ...       11,500 00
Oka               7,500     2,000    19,000 ...       100     100       400         549 80    29,649 80
Pierreville       2,250     1,500    750     ...      ...     1,100     15,000      342 87    20,942 87
Pointe Bleue      16,000    2,000    11,000 ...       1,200   35,000    2,500       440 32    68,140 32
Restigouche       16,750    800      35,000 3,400     ...     200       900         298 68    56,348 68
Seven Islands     ...       ...      ...     ...      350     12,000    ...         ...       12,350 00
St. Regis         60,000    14,000   82,500 350       3,500   2,300     14,000      3,061 21 17,771 21
Timiskaming       4,000     100      12,000 ...       100     3,000     ...         1,877 14 21,077 14
Total             227,974   39,190   476,065 20,975   8,600   152,300   71,895      12,950 28 1,009,949 28
SASKATCHEWAN. ...           ...      ...     ...      ...     ...       ...         ...       ...
Assiniboine       37,654    13,567   1,427 ...        ...     150       7,045       1,925 46 61,768 46
Battleford        82,440    18,630   12,435 11,550    3,700   7,780     3,100       9,078 09 148,713 09
Carlton           46,034    13,933   960     ...      ...     28,086    25,500      7,938 31 122,451 31
Crooked Lake      113,458   6,809    4,300 8,652      1,250   6,300     ...         14,631 18 155,400 18
Duck Lake         75,776    22,204   7,613 ...        ...     9,432     31,136      7,444 50 153,605 50
File Hills Agency 13,600    6,300    560     ...      ...     950       4,100       1,695 84 27,205 84
File Hills Colony 20,000    4,000    400     ...      ...     250       700         ...       25,350 00
Moose Mountain    28,500    3,000    600     1,200    300     2,000     4,200       367 00    40,167 00
Moose Woods       7,500     9,000    1,800 ...        ...     600       1,000       3,675 91 23,575 91
Onion Lake        36,764    12,650   12,240 2,870     9,300   42,750    6,800       5,000 00 128,374 00
Pelly             57,600    9,700    19,700 3,000     ...     10,500    3,550       5,856 02 109,906 02
Qu'Appelle        124,722   8,210    10,500 500       1,900   2,300     9,000       9,129 45 166,261 45
Touchwood         96,251    16,350   15,635 3,200     9,000   41,750    19,850      12,334 46 214,370 46

