=== TABLE HEADER (the column definitions of this table, printed once at the start of the statement; use to name the columns) ===

TABLE NO. 5: VALUE OF REAL AND PERSONAL PROPERTY AND PROGRESS DURING YEAR.

                                               Value of
                                                                     Value of                         Total
               Total       Value               Public     Value of              Value
                                    Value of                         Live                Value of     Value of
               Value of    of                  Buildings, implements            of                                Progress During Year
Agencies.                           Private                          Stock               Household    Real and
               Lands in    Private             property and                     General                           1917
                                    Buildings.                       and                 Effects.     Personal
               Reserves.   Fencing.            of the     Vehicles.             Effects.
                                                                     Poultry.                         Property.
                                               Band.
                                                                                         Value of New Value of
                                                                                                                Total Increase in
...            ...         ...      ...       ...        ...        ...         ...      Land         Buildings
                                                                                                                Value.
                                                                                         Improvements Erected.

               $           $        $         $          $          $           $        $            $           $       $       $
ALBERTA.
Blackfoot      2,812,530   12,600   99,722    12,920     51,894     193,496     5,000    22,500       3,210,662   5,215   6,060 11,275
Blood          7,001,720   16,100   64,000    43,000     80,500     600,000     10,800   16,100       7,832,220   3,500   10,000 13,500
Edmonton       1,178,633   8,135    53,605    11,100     26,400     71,230      5,340    6,775        1,361,218   1,805   1,800 3,605
Hobbema        789,800     14,418   20,525    ...        31,508     95,896      6,340    5,485        963,972     4,800   1,475 6,275
Lesser Slave
               1,293,630 2,929      32,600    ...      

=== EXTRACT FROM HERE (pages 82-86) ===

TABLE NO. 5: VALUE OF REAL AND PERSONAL PROPERTY AND PROGRESS DURING YEAR.

                                               Value of
                                                                     Value of                         Total
               Total       Value               Public     Value of              Value
                                    Value of                         Live                Value of     Value of
               Value of    of                  Buildings, implements            of                                Progress During Year
Agencies.                           Private                          Stock               Household    Real and
               Lands in    Private             property and                     General                           1917
                                    Buildings.                       and                 Effects.     Personal
               Reserves.   Fencing.            of the     Vehicles.             Effects.
                                                                     Poultry.                         Property.
                                               Band.
                                                                                         Value of New Value of
                                                                                                                Total Increase in
...            ...         ...      ...       ...        ...        ...         ...      Land         Buildings
                                                                                                                Value.
                                                                                         Improvements Erected.

               $           $        $         $          $          $           $        $            $           $       $       $
ALBERTA.
Blackfoot      2,812,530   12,600   99,722    12,920     51,894     193,496     5,000    22,500       3,210,662   5,215   6,060 11,275
Blood          7,001,720   16,100   64,000    43,000     80,500     600,000     10,800   16,100       7,832,220   3,500   10,000 13,500
Edmonton       1,178,633   8,135    53,605    11,100     26,400     71,230      5,340    6,775        1,361,218   1,805   1,800 3,605
Hobbema        789,800     14,418   20,525    ...        31,508     95,896      6,340    5,485        963,972     4,800   1,475 6,275
Lesser Slave
               1,293,630 2,929      32,600    ...        12,290     41,340      13,700 12,455         1,408,944 650       2,550 3,200
Lake
Peigan         965,420    6,720     29,215    22,200     35,600     57,857    1,097      5,325        1,123,434 430     4,425 4,855
Saddle Lake    599,985    2,480     28,010    950        20,140     62,400    4,115      7,075        725,155    ...    2,250 2,250
Sarcee         1,180,120 9,800      20,000    36,800     14,000     48,520    825        1,800        1,311,865 1,100 1,500 2,600
Stony          264,774    8,000     15,300    500        13,000     36,000    3,000      10,000       350,574    ...    300    300
Total          16,086,612 81,182    362,977   127,470    285,332    1,206,739 50,217     87,515       18,288,044 17,500 30,360 47,860

BRITISH        ...         ...      ...       ...        ...        ...         ...      ...          ...         ...     ...     ...
COLUMBIA.
Babine and
               65,262      17,850   123,100   15,435     14,050     30,300      44,100 31,500         341,597     7,900 6,900 14,800
Upper Skeena
Bella Coola    365,600     3,200   125,500    6,500     9,500       14,650      89,500   44,500       658,950     1,100   6,450   7,550
Cowichan       1,762,700   109,700 169,100    2,500     37,855      43,105      27,075   42,500       2,194,535   2,400   2,100   4,500
Kamloops       3,733,314   50,950 128,650     37,575    76,525      340,181     8,400    15,350       4,390,945   ...     1,100   1,100
Kootenay       142,085     14,469 19,060      117,700   20,508      98,639      5,199    6,090        423,742     3,760   1,050   4,810
Kwawkewlth     278,321     990     57,415     2,475     8,900       886         47,800   64,200       460,987     ...     1,000   1,0000
Lytton         964,778     120,45 61,205      22,720    30,144      71,445      5,275    19,875       1,187,487   7,550   2,200   9,750
Nass River     991,819     17,700 255,145     96,390    1,500       4,450       75,000   33,100       1,475,104   ...     ...     ...
New
               1,249,885 4,650      64,450    16,800    5,700       32,065      30,330 37,300         1,441,180 3,450 900         4,350
Westminster
Okanagan       2,425,000 44,700     83,250    14,100    34,350      229,000     6,150    12,650       2,849,200 5,525 2,200 7,725
Queen
               95,000      1,100    29,000    1,300     15,000      5,500       16,000 11,500         174,400     ...     500     500
Charlotte
Stikine        2,100       60       23,775    ...       5,946       3,000       18,280 33,798         86,959      30    1,600 1,630
Stuart Lake    245,790     9,720    77,005    22,850    7,700       35,865      22,965 18,335         440,230     1,845 2,800 4,645
West Coast     114,000     3,635    107,500   ...       1,410       4,430       60,400 31,650         323,025     15    850   865

<!-- page 83 -->
Williams Lake   544,425    19,875 49,050     8,900     34,985    112,930 8,950 3,950         786,065    1,950 ...     1,950
Total           12,980,079 310,636 1,373,205 365,245   304,073   1,026,446 465,424 409,298   17,234,406 35,525 29,650 65,175

                ...       ...      ...      ...        ...       ...       ...      ...      ...         ...     ...     ...
MANITOBA.
Birtle          403,578   1,370    17,350   1,650      17,720    38,286    3,395    2,965    486,314     747     ...     747
Clandeboye      211,509   1,015    30,325   525        3,425     32,650    6,086    9,702    295,237     1,000   650     1,650
Fisher River    918,740   7,475    62,740   13,150     11,070    25,025    21,265   28,100   1,087,565   500     1,165   1,665
Griswold        199,710   1,020    16,120   7,200      25,000    26,200    2,250    3,900    281,400     120     ...     120
Manitowapah     203,938   1,472    28,475   14,950     12,695    85,210    14,850   12,050   373,640     220     575     795
Norway House    80,950    500      41,885   ...        750       1,500     37,550   14,500   177,635     ...     1,100   1,100
Pas             265,000   4,180    35,300   4,600      3,580     18,115    36,715   17,650   385,140     350     650     1,000
Portage la
                200,880   3,305    8,375    9,250      12,940    18,400    1,450    4,400    259,000     585     325     910
Prairie
Total           2,484,305 20,337   24,570   51,325     87,180    245,386   123,561 93,267    3,345,931 3,522 4,465 7,987

NEW        ...            ...      ...      ...        ...       ...       ...      ...      ...         ...     ...     ...
BRUNSWICK.
Northern
           19,060         150      11,400   10,750     1,200     1,950     450      3,350    48,310      50      350     400
Division
Northeastern
                46,440    2,240    26,350   32,500     4,600     4,000     6,500    15,750   138,380     345     2,260 2,605
Division
Southwestern
                5,700     70       9,125    16,000     115       724       1,321    1,605    34,660      ...     ...     ...
Division
Total           71,200    2,460    46,875   59,250     5,915     6,674     8,271    20,705   221,350     395     2,610 3,005

<!-- page 84 -->
Table, see page 62

<!-- page 85 -->
                                            Value of
                                                                  Value                          Total
              Total     Value               Public     Value of            Value
                                 Value of                         of Live           Value of     Value of
              Value of of                   Buildings, implements          of                              Progress During Year
Agencies.                        Private                          Stock             Household    Real and
              Lands in Private              property and                   General                         1917
                                 Buildings.                       and               Effects.     Personal
              Reserves. Fencing.            of the     Vehicles.           Effects.
                                                                  Poultry.                       Property.
                                            Band.
                                                                                    Value of New Value of
                                                                                                           Total Increase in
...           ...       ...      ...        ...        ...        ...      ...      Land         Buildings
                                                                                                           Value.
                                                                                    Improvements Erected.

NOVA         $          $        $         $          $          $        $        $            $         $       $       $
SCOTIA.
Annapolis    1,000      40       1,200     ...        60         250      25       135          2,710     ...     ...     ...
Antigonish
             9,700      1,010    2,100     2,500     75          225      230      185          16,025    ...     105     105
and Guysboro
Cape Breton
              13,000    609      8,760     6,730     2,550       2,200    1,575    1,200        36,624    200     200     400
(Eskasoni)
Cape Breton
              12,000    ...      7,500     ...       100         ...      500      700          20,800    ...     ...     ...
(Sydney)
Colchester    1,800     50       2,200     850       220         220      175      350          5,865     90      700     790
Cumberland    250       ...      1,000     ...       100         200      100      100          1,750     ...     ...     ...
Digby         1,675     75       2,000     1,600     50          75       250      675          6,400     165     75      240
Halifax       1,650     440      4,370     ...       150         1,125    760      1,420        9,915     ...     ...     ...
Hants         10,510    500      5,000     2,500     1,900       2,000    700      2,500        25,610    50      200     250
Hants
              ...       ...      250       ...       200         50       100      ...          600       ...     ...     ...
(Windsor)
Inverness     9,725     1,100    9,100     4,200     600         2,860    550      860          28,995    50      275     325
Kings         4,000     50       3,000     ...       400         600      500      700          9,250     ...     ...     ...
Lunenburg     4,000     370      7,855     850       883         2,1040   595      1,700        18,393    365     250     615
Pictou        2,000     200      5,000     4,000     350         400      2,000    800          14,750    ...     800     800
Queens        1,100     700      200       ...       200         250      ...      300          2,750     ...     ...     ...
Richmond      7,000     400      3,000     12,000    900         1,600    1,700    800          27,400    400     800     1,200
Shelburne     ...       500      1,000     ...       40          100      600      500          2,740     ...     ...     ...
Victoria      6,500     300      1,900     3,200     300         1,700    380      500          14,780    70      40      110
Yarmouth      150       ...      125       ...       ...         ...      125      50           450       ...     ...     ...
Total         86,060    6,344    65,560    38,430    9,078       15,995   10,865   13,475       245,807   1,390   3,445   4,835

              ...       ...      ...       ...       ...         ...      ...      ...          ...       ...     ...     ...
ONTARIO.
Alnwick       60,000    4,900    19,000    3,600     2,600       3,090    1,350    7,500        102,040   ...     600     600
Cape Croker   120,000   3,000    35,000    30,000    4,200       19,000   4,600    16,680       232,480   ...     ...     ...
Caradoc       141,730   16,160   85,600    ...       21,990      25,980   553      30,050       322,063   ...     150     150
Chapleau      18,400    300      10,500    500       ...         75       3,500    100          33,375    190     700     890
Christian
              29,400    850      7,500     2,500      2,300      5,200    2,800    2,700        53,250    250     ...     250
Island

<!-- page 86 -->
Fort Frances   234,399   1,100    20,300   6,900     4,380     7,850    7,800 8,500       291,229   5,000 ...       5,000
Fort William   175,000   785      45,710   3,100     1,500     4,250    18,640 11,200     260,185   2,800 300       3,100
Georgina
               32,150    1,010    6,640    1,400     1,019     4,606    1,400    1,790    51,015    55      600     1,155
Island
Golden Lake 4,329        800      2,000    3,100     1,000     2,100    1,500    2,000    16,829    ...     200     200
Gore Bay     80,000      15,020   28,000   22,700    8,500     19,300   4,070    15,600   193,190   1,000   1,500   2,500
Kenora       122,943     515      15,160   240       3,955     5,575    15,679   17,110   181,177   70      620     690
Manitowaning 212,640     17,030   59,250   26,600    39,950    71,950   13,985   33,300   474,705   1,215   1,175   2,390
Moravian     95,300      5,850    30,600   5,000     8,500     19,000   1,000    1,000    166,250   ...     ...     ...
New Credit   210,000     9,000    42,000   10,000    10,000    17,900   600      11,000   310,500   600     650     1,250
Parry Sound 122,000      950      20,900   17,300    3,980     12,015   8,421    16,000   201,566   500     500     1,000
Rama         40,000      3,000    15,250   13,200    1,250     2,600    1,400    7,250    83,950    ...     400     400
Rice Lake    107,000     2,700    47,300   8,800     5,750     16,038   4,500    10,500   202,588   ...     1,500   1,500
Sarnia       550,107     6,740    45,935   17,550    14,280    17,900   2,463    8,350    663,325   75      750     825
Saugeen      65,000      1,600    12,500   22,000    3,500     12,500   1,500    5,000    123,600   1,400   1,500   2,900
Sault Ste.
             50,400      2,575    27,000   25,500    6,000     12,500 8,500      12,650   145,125   50      ...     50
Marie
Savanne        101,857 321     7,507       80        2,372     1,060 16,924      14,617   144,738 ...       120     120
Scugog         68,000  1,798   2,000       500       670       1,315 345         1,035    75,663    ...     ...     ...
Six Nations1 1,092,400 436,960 669,000     55,000    291,000   300,500 4,000     75,000   2,923,860 ...     4,000   4,000
Sturgeon Falls 244,065 2,350   32,600      11,000    3,850     15,400 13,500     29,000   351,765 200       1,800   2,000
Thessalon      134,658 9,805   13,600      10,000    1,090     9,900 8,555       8,413    196,021 800       200     1,000
Tyendinaga     645,300 134,825 93,255      39,300    42,754    84,347 2,645      55,800   1,098,226 ...     1,900   1,900
Walpole
               68,160  7,483   21,015      1,950     9,060     21,845 2,544      8,535    140,592   ...     665     665
Island
Total          4,825,238 687,427 1,415,122 337,820   495,450   714,796 152,774 410,680    9,039,307 14,705 19,830 34,535

PRINCE
               ...       ...      ...      ...       ...       ...      ...      ...      ...       ...     ...     ...
EDWARD
ISLAND.
Micmacs of
               20,150    1,720    7,520    8,000     950       1,575    2,000    3,200    45,115    210     200     410
P.E. Island

27 - 5

