=== TABLE HEADER (the column definitions of this table, printed once at the start of the statement; use to name the columns) ===

TABLE No. 6 - SOURCES AND VALUE OF INCOME.

                           Value of             Received                                     Annuities
               Value of                                                          Earned by
                           Beef                 from                   Earned by             paid, and
               Farm                                                              other                 Total
                           sold, also Wages     Land     Earned by     Hunting               Interest
Agencies.      Products,                                                         Industries            Income of
                           of that    earned.   Rental   Fishing.      and                   on Indian
               including                                                         and                   Indians.
                           used for             and from               Trapping.             Trust
               Hay.                                                              Occupations
                           food.                Timber.                                      Funds.

               $ cts.      $ cts.    $ cts.     $ cts.     $ cts.      $ cts.      $ cts.      $ cts.     $ cts.
ALBERTA.
Blackfoot      135,726 00 5,857 00 15,000 00    ...       100 00       500 00      25,000 00   6,998 53 189,181 53
Blood          165,667 00 32,586 00 36,600 00   10,000 00 ...          700 00      8,000 00    6,074 70 259,627 70
Edmonton       59,820 00 13,083 00 13,500 00    ...       950 00       7,440 00    8,200 00    15,133 33 118,126 33
Hobbema        44,253 00 4,125 00 7,762 00      ...       642 00       12,585 00   5,611 00    5,097 05 80,075 05
Lesser Slave
               4,749 00    560 00    ...        ...        ...         ...         ...         12,895 00 18,204 00
Lake
Peigan         56,882 00 8,981 00 5,409 00      2,835 00 ...           ...         1,000 00    2,785 64 77,892 64
Saddle Lake    12,930 00 3,200 00 3,400 00      ...       800 00       6,450 00    4,255 00    4,505 12 35,540 12
Sarcee         16,653 00 2,550 00 1,575 00      475 00    ...          200 00      7,250 00    1,077 25 29,780 25
Stony          4,100 00 780 00      8,450 00    58 00     ...          10,774 00   15,550 00   3,635 10 43,347 10
Total          500,780 00 71,722 00 91,696 00   13,368 00 2,492 00     38,649 00   74,866 00   58,201 72 851,774 72

BRITISH      ...       ...      ...   

=== EXTRACT FROM HERE (pages 126-130) ===

TABLE No. 6 - SOURCES AND VALUE OF INCOME.

                           Value of             Received                                     Annuities
               Value of                                                          Earned by
                           Beef                 from                   Earned by             paid, and
               Farm                                                              other                 Total
                           sold, also Wages     Land     Earned by     Hunting               Interest
Agencies.      Products,                                                         Industries            Income of
                           of that    earned.   Rental   Fishing.      and                   on Indian
               including                                                         and                   Indians.
                           used for             and from               Trapping.             Trust
               Hay.                                                              Occupations
                           food.                Timber.                                      Funds.

               $ cts.      $ cts.    $ cts.     $ cts.     $ cts.      $ cts.      $ cts.      $ cts.     $ cts.
ALBERTA.
Blackfoot      135,726 00 5,857 00 15,000 00    ...       100 00       500 00      25,000 00   6,998 53 189,181 53
Blood          165,667 00 32,586 00 36,600 00   10,000 00 ...          700 00      8,000 00    6,074 70 259,627 70
Edmonton       59,820 00 13,083 00 13,500 00    ...       950 00       7,440 00    8,200 00    15,133 33 118,126 33
Hobbema        44,253 00 4,125 00 7,762 00      ...       642 00       12,585 00   5,611 00    5,097 05 80,075 05
Lesser Slave
               4,749 00    560 00    ...        ...        ...         ...         ...         12,895 00 18,204 00
Lake
Peigan         56,882 00 8,981 00 5,409 00      2,835 00 ...           ...         1,000 00    2,785 64 77,892 64
Saddle Lake    12,930 00 3,200 00 3,400 00      ...       800 00       6,450 00    4,255 00    4,505 12 35,540 12
Sarcee         16,653 00 2,550 00 1,575 00      475 00    ...          200 00      7,250 00    1,077 25 29,780 25
Stony          4,100 00 780 00      8,450 00    58 00     ...          10,774 00   15,550 00   3,635 10 43,347 10
Total          500,780 00 71,722 00 91,696 00   13,368 00 2,492 00     38,649 00   74,866 00   58,201 72 851,774 72

BRITISH      ...       ...      ...       ...              ...         ...         ...         ...        ...
COLUMBIA.
Babine and
             63,700 00 1,400 00 50,000 00 ...              9,800 00    16,050 00 34,300 00     125 07     175,375 07
Upper Skeena
Bella Coola    5,150 00 650 00      7,000 00    ...        71,500 00   13,600 00   13,300 00   10 12      111,210 12
Cowichan       24,375 00 1,780 00 39,500 00     ...        28,550 00   725 00      4,575 00    1,322 82   100,827 82
Kamloops       303,200 00 28,250 00 ...         3,000 00   ...         800 00      11,300 00   527 86     347,077 86
Kootenay       45,250 00 13,250 00 16,500 00    ...        1,325 00    2,500 00    2,700 00    24 84      81,549 84
Kwawkewlth     ...        ...       14,150 00   1,112 00   97,500 00   1,800 00    17,200 00   27 42      131,789 42
Lytton         18,850 00 14,430 00 21,180 00    ...        ...         2,801 00    3,380 00    535 83     61,176 83
Nass           35,403 00 477 00     52,200 00   ...        70,350 00   26,100 00   25,520 00   2,011 07   212,061 07
New
               20,900 00 3,300 00 60,430 00 ...            50,230 00 28,200 00 54,930 00       3,799 76 221,789 76
Westminster
Okanagan       97,500 00 20,400 00 1,600 00     450 00     595 00      1,075 00    ...         267 19     121,887 19
Queen
               700 00      900 00    17,000 00 ...         32,000 00 350 00        10,000 00   22 34      60,972 34
Charlotte
Stikine        480 00    ...      26,379 00 ...            5,677 00 72,299 00 3,744 00         ...      108,579 00
Stuart Lake    18,290 00 3,930 00 8,595 00 ...             13,120 00 24,820 00 3,180 00        1,255 38 73,190 38
West Coast     205 00    125 00   ...       125 00         39,200 00 1,100 00 8,975 00         18 54    49,748 54
Williams
               26,200 00 2,800 00 7,800 00      ...        ...         19,150 00 2,500 00      7 32       58,457 32
Lake
Total          660,203 00 91,692 00 322,334 00 4,687 00 419,847 00 211,370 00 195,604 00 9,955 56 1,915,692 56

<!-- page 127 -->

<!-- page 128 -->
                           Value of               Received                                   Annuities
               Value of                                                          Earned by
                           Beef                   from                 Earned by             paid, and
               Farm                                                              other                 Total
                           sold, also Wages       Land     Earned by   Hunting               Interest
Agencies.      Products,                                                         Industries            Income of
                           of that    earned.     Rental   Fishing.    and                   on Indian
               including                                                         and                   Indians.
                           used for               and from             Trapping.             Trust
               Hay.                                                              Occupations
                           food.                  Timber.                                    Funds.

               ...         ...        ...         ...      ...         ...        ...         ...      ...
MANITOBA.
Birtle         27,895 00   2,365 00   4,710 00    ...      460 00      4,635 00 2,640 00      3,324 79 46,029 79
Clandeboye     7,895 00    1,605 00   9,290 00    812 00   2,100 00    4,300 00 ...           8,339 45 34,341 45
Fisher River   16,300 00   4,560 00   21,100 00   ...      26,250 00   34,500 00 20,350 00    11,780 28 134,840 28
Griswold       23,362 00   620 00     2,100 00    ...      260 00      1,500 00 1,200 00      1 99      29,043 99
Manitowapah    28,650 00   4,470 00   15,300 00   ...      40,850 00   9,450 00 3,850 00      8,829 97 111,399 07
Norway House   1,858 00    50 00      34,750 00   ...      32,120 00   187,720 00 28,885 00   16,345 00 301,728 00
Pas            6,500 00    2,390 00   8,400 00    334 00   3,050 00    15,800 00 2,500 00     7,866 88 46,840 88
Portage la
               24,042 00 300 00       5,700 00    ...      ...         4,300 00   2,050 00    4,661 30 41,053 30
Prairie
Total          136,502 00 16,360 00 101,350 00 1,146 00 105,090 00 262,205 00 61,475 00       61,149 66 745,277 66

NEW        ...             ...        ...         ...      ...         ...        ...         ...      ...
BRUNSWICK.
Northern
           2,000 00        ...        12,800 00 ...        100 00      65 00      1,300 00    997 75   17,264 75
Division
Northeastern
               4,455 00    130 00     15,200 00 2,000 00 8,595 00      800 00     5,675 00    267 49   37,122 49
Division
Southwestern
               222 00      ...        11,950 00 ...        370 00      990 00     1,325 00    25 97    14,882 97
Division
Total          6,677 00    130 00     39,950 00 2,000 00 9,065 00      1,855 00   8,300 00    1,293 21 69,270 21

NOVA           ...         ...        ...         ...      ...         ...        ...         ...      ...
SCOTIA.
Annapolis      100 00      ...        550 00      ...      ...         100 00     160 00      ...      910 00
Antigonish and
               430 00      92 00      3,800 00    ...      297 00      340 00     ...         14 70    4,973 70
Guysboro
Cape Breton
               3,700 00    200 00     1,200 00    ...      150 00      100 00     1,000 00    ...      6,350 00
(Eskasoni)
Cape Breton
               ...         ...        7,000 00    ...      ...         ...        3,000 00    8 09     10,008 09
(Sydney)
Colchester     214 00      ...        3,500 00    ...      100 00      150 00     1,000 00    ...      4,964 00
Cumberland     ...         ...        800 00      ...      50 00       200 00     800 00      43 74    1,893 74
Digby          420 00      ...        1,700 00    ...      70 00       350 00     850 00      ...      3,390 00
Halifax        1,000 00    1,130 00   7,225 00    ...      100 00      3,000 00   10,080 00   ...      22,535 00
Hants          900 00      400 00     500 00      ...      50 00       1,000 00   2,010 00    ...      4,860 00
Hants
               100 00      ...        200 00      ...      ...         ...        200 00      ...      500 00

<!-- page 129 -->
(Windsor)
Inverness   2,980 00    145 00     3,500 00    200 00   800 00     25 00      1,200 00    ...      8,850 00
Kings       570 00      100 00     1,000 00    ...      200 00     400 00     6,000 00    ...      8,270 00
Lunenburg   2,775 00    1,300 00   4,075 00    ...      425 00     250 00     3,400 00    08       12,225 08
Pictou      400 00      10 00      5,600 00    ...      1,000 00   100 00     7,000 00    ...      14,110 00
Queens      800 00      150 00     650 00      ...      150 00     200 00     300 00      70 50    2,320 50
Richmond    2,200 00    350 00     3,750 00    ...      1,100 00   48 00      680 00      ...      8,128 00
Shelburne   100 00      150 00     1,400 00    ...      400 00     500 00     500 00      ...      3,050 00
Victoria    2,500 00    285 00     3,500 00    155 00   295 00     380 00     1,950 00    5 55     9,070 55
Yarmouth    ...         ...        100 00      ...      ...        ...        ...         ...      100 00
Total       19,189 00   4,312 00   50,050 00   355 00   5,187 00   7,143 00   40,130 00   142 66   126,508 66

<!-- page 130 -->
                           Value of               Received                                     Annuities
               Value of                                                            Earned by
                           Beef                   from                   Earned by             paid, and
               Farm                                                                other                   Total
                           sold, also Wages       Land     Earned by     Hunting               Interest on
Agencies.      Products,                                                           Industries              Income of
                           of that    earned.     Rental   Fishing.      and                   Indian
               including                                                           and                     Indians.
                           used for               and from               Trapping.             Trust
               Hay.                                                                Occupations
                           food.                  Timber.                                      Funds.

               $ cts.      $ cts.     $ cts.      $ cts.     $ cts.      $ cts.      $ cts.      $ cts.      $ cts.
ONTARIO.
Alnwick        2,800 00    250 00     6,500 00    1,815 00   150 00      1,450 00    325 00      6,366 95    19,656 95
Cape Croker    2,500 00    1,580 00   1,200 00    3,224 00   2,431 00    100 00      200 00      13,115 28   24,350 28
Caradoc        29,454 00   2,305 00   79,555 00   8,410 00   114 00      340 00      1,690 00    3,571 98    125,439 98
Chapleau       ...         ...        15,000 00   ...        ...         ...         ...         13,120 00   28,120 00
Christian
               1,770 00    400 00     1,500 00    ...        300 00      200 00      1,200 00    3,271 98    8,641 98
Island
Fort Frances   3,100 00    350 00     32,200 00 2,900 00 34,800 00 18,400 00 5,500 00            5,214 33    102,464 33
Fort William   965 00      ...        2,200 00 ...       20,500 00 30,500 00 ...                 9,581 28    83,546 28
Georgina
               1,770 00    450 00     2,345 00    530 00     100 00      ...         1,100 00    1,437 35    7,732 35
Island
Golden Lake 300 00         ...        1,500 00    65 00     ...          500 00      2,000 00    7 19        4,372 19
Gore Bay     16,275 00     1,800 00   20,150 00   2,806 00 325 00        285 00      255 00      5,937 27    47,833 27
Kenora       5,871 00      280 00     32,330 00   58 00     23,290 00    31,900 00   11,990 00   6,740 90    112,459 90
Manitowaning 50,408 00     8,290 00   27,450 00   20,525 00 4,360 00     3,730 00    39,250 00   11,284 42   165,297 42
Moravian     9,600 00      1,300 00   31,476 00   125 00    200 00       200 00      200 00      4,925 80    48,026 80
New Credit   14,072 00     2,000 00   19,000 00   3,975 00 100 00        300 00      3,000 00    5,651 01    48,098 01
Parry Sound 4,970 00       900 00     8,600 00    ...       400 00       700 00      6,900 00    4,111 24    26,581 24
Rama         2,000 00      ...        10,000 00   300 00    1,600 00     1,500 00    3,000 00    2,940 00    21,340 00
Rice Lake    13,776 00     2,700 00   12,200 00   700 00    750 00       6,250 00    3,350 00    2,875 79    42,601 79
Sarnia       8,560 00      480 00     17,600 00   3,800 00 220 00        100 00      620 00      8,565 09    39,945 09
Saugeen      5,500 00      600 00     16,000 00   7,000 00 500 00        1,500 00    2,200 00    13,227 74   46,527 74
Sault Ste.
             5,900 00      1,400 00 15,125 00 150 00         7,650 00    2,500 00    9,500 00    9,596 13    51,821 13
Marie
Savanne        2,655 00 65 00         31,785 00 ...          31,005 00   57,615 00   8,700 00    6,581 88    138,406 88
Scugog         1,340 00 450 00        750 00     80 00       50 00       300 00      1,200 00    582 97      4,752 97
Six Nations    175,000 00 ...         125,000 00 5,000 00    ...         ...         ...         44,731 96   349,731 96
Sturgeon Falls 5,800 00 800 00        23,000 00 ...          10,500 00   9,500 00    8,500 00    32,089 36   90,189 36
Thessalon      4,586 00 610 00        30,326 00 ...          3,406 00    2,790 00    2,966 00    4,438 48    49,122 48
Tyendinaga     52,827 00 3,000 00     48,700 00 6,676 00     1,300 00    325 00      750 00      5,804 06    119,382 06
Walpole
               28,315 00 3,233 00     26,645 00 508 00       3,591 00    715 00      2,081 00    2,518 85    67,606 85
Island
Total          450,114 00 33,243 00 657,937 00 68,647 00 147,642 00 171,700 00 116,477 00 228,289 29 1,874,049 29

PRINCE
               ...         ...        ...         ...        ...         ...         ...         ...         ...
EDWARD

