=== TABLE HEADER (the column definitions of this table, printed once at the start of the statement; use to name the columns) ===

TABLE No. 6 - SOURCES AND VALUE OF INCOME.

                           Value of             Received                                     Annuities
               Value of                                                          Earned by
                           Beef                 from                   Earned by             paid, and
               Farm                                                              other                 Total
                           sold, also Wages     Land     Earned by     Hunting               Interest
Agencies.      Products,                                                         Industries            Income of
                           of that    earned.   Rental   Fishing.      and                   on Indian
               including                                                         and                   Indians.
                           used for             and from               Trapping.             Trust
               Hay.                                                              Occupations
                           food.                Timber.                                      Funds.

               $ cts.      $ cts.    $ cts.     $ cts.     $ cts.      $ cts.      $ cts.      $ cts.     $ cts.
ALBERTA.
Blackfoot      135,726 00 5,857 00 15,000 00    ...       100 00       500 00      25,000 00   6,998 53 189,181 53
Blood          165,667 00 32,586 00 36,600 00   10,000 00 ...          700 00      8,000 00    6,074 70 259,627 70
Edmonton       59,820 00 13,083 00 13,500 00    ...       950 00       7,440 00    8,200 00    15,133 33 118,126 33
Hobbema        44,253 00 4,125 00 7,762 00      ...       642 00       12,585 00   5,611 00    5,097 05 80,075 05
Lesser Slave
               4,749 00    560 00    ...        ...        ...         ...         ...         12,895 00 18,204 00
Lake
Peigan         56,882 00 8,981 00 5,409 00      2,835 00 ...           ...         1,000 00    2,785 64 77,892 64
Saddle Lake    12,930 00 3,200 00 3,400 00      ...       800 00       6,450 00    4,255 00    4,505 12 35,540 12
Sarcee         16,653 00 2,550 00 1,575 00      475 00    ...          200 00      7,250 00    1,077 25 29,780 25
Stony          4,100 00 780 00      8,450 00    58 00     ...          10,774 00   15,550 00   3,635 10 43,347 10
Total          500,780 00 71,722 00 91,696 00   13,368 00 2,492 00     38,649 00   74,866 00   58,201 72 851,774 72

BRITISH      ...       ...      ...   

=== CONTEXT (do NOT extract rows from this part; use only to identify the section headers in effect) ===
,350 00    2,875 79    42,601 79
Sarnia       8,560 00      480 00     17,600 00   3,800 00 220 00        100 00      620 00      8,565 09    39,945 09
Saugeen      5,500 00      600 00     16,000 00   7,000 00 500 00        1,500 00    2,200 00    13,227 74   46,527 74
Sault Ste.
             5,900 00      1,400 00 15,125 00 150 00         7,650 00    2,500 00    9,500 00    9,596 13    51,821 13
Marie
Savanne        2,655 00 65 00         31,785 00 ...          31,005 00   57,615 00   8,700 00    6,581 88    138,406 88
Scugog         1,340 00 450 00        750 00     80 00       50 00       300 00      1,200 00    582 97      4,752 97
Six Nations    175,000 00 ...         125,000 00 5,000 00    ...         ...         ...         44,731 96   349,731 96
Sturgeon Falls 5,800 00 800 00        23,000 00 ...          10,500 00   9,500 00    8,500 00    32,089 36   90,189 36
Thessalon      4,586 00 610 00        30,326 00 ...          3,406 00    2,790 00    2,966 00    4,438 48    49,122 48
Tyendinaga     52,827 00 3,000 00     48,700 00 6,676 00     1,300 00    325 00      750 00      5,804 06    119,382 06
Walpole
               28,315 00 3,233 00     26,645 00 508 00       3,591 00    715 00      2,081 00    2,518 85    67,606 85
Island
Total          450,114 00 33,243 00 657,937 00 68,647 00 147,642 00 171,700 00 116,477 00 228,289 29 1,874,049 29

PRINCE
               ...         ...        ...         ...        ...         ...         ...         ...         ...
EDWARD



=== EXTRACT FROM HERE (pages 131-135) ===
<!-- page 131 -->
ISLAND.
Micmacs of
Prince        1,500 00   150 00   ...   ...   3,500 00   50 00   15,500 00   ...   20,700 00
Edward Island

<!-- page 132 -->
                                Value of              Received                                    Annuities
                    Value of                                                          Earned by
                                Beef                  from                  Earned by             paid, and
                    Farm                                       Earned                 other                 Total
                                sold, also Wages      Land                  Hunting               Interest
Agencies.           Products,                                  by                     Industries            Income of
                                of that    earned.    Rental                and                   on Indian
                    including                                  Fishing.               and                   Indians.
                                used for              and from              Trapping.             Trust
                    Hay.                                                              Occupations
                                food.                 Timber.                                     Funds.

                    ...         ...       ...         ...        ...        ...         ...         ...        ...
QUEBEC.
Bécancour           624 00     40 00     350 00     50 00     ...           ...         ...         232 54     1,296 54
Bersimis            500 00     300 00    1,250 00 500 00      1,000 00      18,500 00   1,800 00    175 81     24,025 81
Cacouna             ...        ...       2,350 00 235 00      390 00        715 00      1,970 00    273 54     5,933 54
Caughnawaga         60,000 00 10,000 00 180,000 00 5,459 00 400 00          200 00      12,000 00   1,072 46   269,131 46
Godbout             130 00     ...       ...        ...       350 00        1,800 00    500 00      ...        2,780 00
Jeune Lorette       ...        ...       25,000 00 ...        ...           600 00      17,500 00   488 49     43,588 49
Maniwaki            8,559 00 298 00      30,362 00 617 00     474 00        6,565 00    1,598 00    1,622 68   50,095 68
Maria               845 00     152 00    3,100 00 200 00      300 00        368 00      1,565 00    ...        6,530 00
Mingan              ...        ...       ...        ...       660 00        2,500 00    ...         ...        3,160 00
Oka                 7,200 00 2,300 00 22,000 00 ...           150 00        30 00       200 00      341 35     32,221 35
Pierreville         1,825 00 525 00      4,540 00 100 00      ...           300 00      5,350 00    214 22     12,854 22
Pointe Bleue        4,000 00 1,200 00 6,000 00 ...            500 00        29,000 00   2,000 00    285 54     42,985 54
Ristigouche         10,000 00 700 00     29,000 00 3,750 00 275 00          600 00      8,700 00    41 29      53,066 29
Seven Islands       ...        ...       ...        ...       ...           12,000 00   ...         ...        12,000 00
St. Regis           58,000 00 14,100 00 70,000 00 ...         2,075 00      1,485 00    13,987 00   2,566 81   162,213 81
Timiskaming         2,000 00 300 00      5,000 00 ...         125 00        3,000 00    200 00      1,118 92   11,743 92
Total               153,683 00 29,915 00 378,952 00 10,911 00 6,699 00      77,663 00   67,370 00   8,433 65   733,626 65

                    ...         ...       ...         ...        ...        ...         ...         ...        ...
SASKATCHEWAN.
Assiniboine         23,099 00   6,345 00 1,557 00     ...        ...        950 00      7,645 00    1,768 17   41,364 17
Battleford          35,870 00   11,460 00 14,935 00   4,145 00   2,145 00   9,395 00    10,542 00   7,139 90   95,631 90
Carlton             47,836 00   10,610 00 17,802 00   ...        3,761 00   22,571 00   16,366 00   7,121 92   126,067 92
Crooked Lake        43,506 00   5,939 00 4,000 00     ...        1,250 00   1,350 00    9,243 00    8,614 72   73,902 72
Duck Lake           44,468 00   15,655 00 10,026 00   800 00     1,705 00   18,785 00   10,708 00   7,190 63   109,337 63
File Hills Agency   8,196 00    5,161 00 900 00       ...        ...        1,000 00    2,000 00    1,725 46   18,982 46
File Hills Colony   65,528 00   2,200 00 6,000 00     ...        ...        150 00      1,000 00    ...        74,878 00
Moose Mountain      6,625 00    3,500 00 500 00       1,600 00   1,000 00   5,000 00    4,000 00    2,603 76   24,828 76
Moose Woods         7,194 00    3,500 00 1,600 00     ...        ...        500 00      1,000 00    ...        13,794 00
Onion Lake          24,694 00   17,360 00 6,638 00    1,759 00   7,355 00   19,345 00   4,685 00    5,525 76   87,361 76
Pelly               36,758 00   1,810 00 20,350 00    275 00     ...        8,225 00    6,377 00    5,463 39   79,158 39
Qu'Appelle          41,191 00   7,895 00 5,465 00     ...        1,000 00   2,615 00    9,000 00    6,921 62   74,087 62
Touchwood           36,804 00   7,833 00 15,689 00    ...        4,250 00   47,695 00   14,800 00   4,258 54   131,329 54
Wood Mountain       1,390 00    ...       857 00      50 00      ...        100 00      55 00       ...        2,452 00
Isle à la Crosse

<!-- page 133 -->
           ...       ...       ...        ...      ...       ...        ...         10,390 00 10,390
District
Total      23,159 00 99,268 00 106,319 00 8,629 00 22,466 00 137,581 00 97,421 00   68,723 87 963,566 87

<!-- page 134 -->
RECAPITULATION.

                                                                                               Annuities
             Value of     Value of                Received                         Earned by
                                                                         Earned by             paid, and
             Farm         Beef sold,              from Land                        other                   Total
                                       Wages                 Earned by   Hunting               Interest on
Agencies.    Products,    also of that            Rental and                       Industries              Income of
                                       earned.               Fishing.    and                   Indian
             including    used for                from                             and                     Indians.
                                                                         Trapping.             Trust
             Hay.         food.                   Timber.                          Occupations
                                                                                               Funds.
...          $ cts.       $ cts.    $ cts.        $ cts.    $ cts.       $ cts.    $ cts.      $ cts.      $ cts.
Alberta      500,780 00   71,722 00 91,696 00     13,368 00 2,492 00     38,649 00 74,886 00 58,201 72 851,794 72
British
             660,203 00   91,692 00 322,334 00    4,687 00   419,847 00 211,370 00 195,604 00 9,955 56     1,915,692 56
Columbia
Manitoba     136,502 00   16,360 00 101,350 00    1,146 00   105,090 00 262,205 00 61,475 00    61,149 66 745,277 66
New
             6,677 00     130 00      39,950 00   2,000 00   9,065 00    1,855 00   8,300 00    1,293 21   69,270 21
Brunswick
Nova Scotia 19,189 00     4,312 00 50,050 00      355 00     5,187 00 7,143 00 40,130 00        142 66     126,508 66
Ontario      450,114 00 33,243 00 657,937 00 68,647 00 147,642 00 171,700 00 116,477 00         228,289 29 1,874,049 29
Prince
Edward       1,500 00     150 00     ...          ...        3,500 00 50 00        15,500 00    ...        20,700 00
Island
Quebec       153,683 00 29,915 00 378,952 00 10,911 00 6,699 00 77,663 00 67,370 00             8,433 65 733,626 65
Saskatchewan 423,159 00 99,268 00 106,319 00 8,629 00 22,466 00 137,581 00 97,421 00            68,723 87 963,566 87
Total        2,351,807 00 346,792 00 1,748,588 00 109,743 00 721,988 00 908,216 00 677,163 00   436,189 62 7,300,486 62

<!-- page 135 -->