=== TABLE HEADER (the column definitions of this table, printed once at the start of the statement; use to name the columns) ===

TABLE No. 5. - VALUE OF REAL AND PERSONAL PROPERTY AND PROGRESS DURING YEAR.

                                               Value of
                                                                     Value of                          Total
               Total       Value               Public     Value of              Value
                                    Value of                         Live                Value of      Value of
               value of    of                  Buildings, Implements            of                                 Progress During Year
Agencies.                           Private                          Stock               Household     Real and
               Lands in    Private             property and                     General                            1917.
                                    Buildings.                       and                 Effects.      Personal
               Reserves.   Fencing.            of the     Vehicles.             Effects.
                                                                     Poultry.                          Property.
                                               Band.
                                                                                         Value of New Value of
                                                                                                                 Total Increase in
...            ...         ...      ...       ...        ...        ...         ...      Land          Buildings
                                                                                                                 Value.
                                                                                         Improvements. Erected.

               $           $        $         $          $          $           $        $             $           $       $       $
ALBERTA.
Blackfoot      2,812,530   11,000   99,500    12,000     43,000     163,250     5,000    22,000        3,168,280   4,150   36,450 40,600
Blood          5,310,815   14,000   60,000    43,000     70,000     480,000     9,000    14,000        6,000,815   4,500   20,000 24,500
Edmonton       1,176,928   7,755    50,900    11,100     27,750     60,500      3,325    6,450         1,344,708   2,950   23,700 26,650
Hobbema        789,800     14,418   19,050    ...        27,730     81,527      6,312    5,490         944,327     6,569   1,690 8,259
Lesser Slave
               1,262,910 2,628   

=== EXTRACT FROM HERE (pages 115-119) ===

TABLE No. 5. - VALUE OF REAL AND PERSONAL PROPERTY AND PROGRESS DURING YEAR.

                                               Value of
                                                                     Value of                          Total
               Total       Value               Public     Value of              Value
                                    Value of                         Live                Value of      Value of
               value of    of                  Buildings, Implements            of                                 Progress During Year
Agencies.                           Private                          Stock               Household     Real and
               Lands in    Private             property and                     General                            1917.
                                    Buildings.                       and                 Effects.      Personal
               Reserves.   Fencing.            of the     Vehicles.             Effects.
                                                                     Poultry.                          Property.
                                               Band.
                                                                                         Value of New Value of
                                                                                                                 Total Increase in
...            ...         ...      ...       ...        ...        ...         ...      Land          Buildings
                                                                                                                 Value.
                                                                                         Improvements. Erected.

               $           $        $         $          $          $           $        $             $           $       $       $
ALBERTA.
Blackfoot      2,812,530   11,000   99,500    12,000     43,000     163,250     5,000    22,000        3,168,280   4,150   36,450 40,600
Blood          5,310,815   14,000   60,000    43,000     70,000     480,000     9,000    14,000        6,000,815   4,500   20,000 24,500
Edmonton       1,176,928   7,755    50,900    11,100     27,750     60,500      3,325    6,450         1,344,708   2,950   23,700 26,650
Hobbema        789,800     14,418   19,050    ...        27,730     81,527      6,312    5,490         944,327     6,569   1,690 8,259
Lesser Slave
               1,262,910 2,628      27,750    ...       8,585       39,230      16,205 12,455          1,369,763 ...       2,500 2,500
Lake
Peigan         964,990    6,510     24,790    38,207    31,804      165,485 2,060        1,835         1,235,681 950     1,845 2,795
Saddle Lake    599,985    2,500     27,750    2,350     19,940      54,400    3,985      6,925         717,835    1,390 1,260 2,650
Sarcee         1,114,426 9,800      20,000    36,800    14,000      33,141    500        2,200         1,230,867 130     ...    130
Stony          264,774    8,000     15,000    500       13,000      40,000    3,000      10,000        354,274    ...    ...    ...
Total          14,297,158 76,611    344,740   143,957   255,809     1,117,533 49,387     81,355        16,366,550 20,639 87,445 108,084

BRITISH        ...         ...      ...       ...       ...         ...         ...      ...           ...         ...     ...     ...
COLUMBIA.
Babine and
               65,262      17,700   123,100   15,435    13,200      29,300      44,100 31,500          339,597     7,500 6,600 14,100
Upper Skeena
Bella Coola    365,600     3,750   122,000    11,500    7,800       14,675      73,500   42,000        640,825     1,000   5,000   6,000
Cowichan       1,762,700   109,700 168,600    2,500     37,265      43,000      26,845   41,400        2,192,010   ...     300     300
Kamloops       3,733,318   49,250 131,300     35,850    76,200      319,600     8,340    15,800        4,369,658   2,270   1,300   3,570
Kootenay       139,045     13,846 18,010      117,700   19,851      86,696      5,356    6,090         406,594     2,475   1,000   3,475
Kwawkewlth     278,321     990     56,415     2,475     8,900       280         47,800   64,200        459,381     200     2,900   3,100
Lytton         964,779     12,020 60,605      22,720    28,444      72,045      5,275    19,875        1,185,763   5,950   2,500   8,450
Nass           991,822     17,700 255,145     96,390    1,500       4,450       75,000   33,100        1,475,107   ...     ...     ...
New
               1,606,145 12,351     126,200   53,700    13,000      56,415      47,290 63,200          1,978,301 10,500 1,600 12,100
Westminster
Okanagan       2,425,000 43,950     81,000    13,800    33,800      212,300     5,900    12,500        2,828,250 4,988 3,250 8,238
Queen
               95,000      900      27,000    1,500     15,000      2,100       7,500    10,000        159,000     500     2,000 2,500
Charlotte
Stikine        2,100       30       20,600    ...       2,668       2,200       11,119 17,677          56,394      40      4,150 4,190
Stuart Lake    245,790     9,235    74,455    21,550    7,355       29,085      22,654 17,655          427,779     590     3,520 4,110
West Coast     114,000     3,560    107,500   ...       1,410       4,430       60,400 31,650          322,950     10      800   810

<!-- page 116 -->
Williams Lake   544,190    19,815 49,100     8,900     34,785    107,450   8,950 6,950       780,140    4,775 ...     4,775
Total           13,333,072 314,797 1,421,030 404,020   301,178   984,026   450,029 413,597   17,621,749 40,798 35,920 75,718

                ...       ...      ...       ...       ...       ...       ...      ...      ...         ...     ...     ...
MANITOBA.
Birtle          401,728   1,490    17,550    1,690     18,240    41,313    3,470    3,370    488,851     ...     ...     ...
Clandeboye      211,509   1,015    30,200    ...       3,385     21,249    5,940    9,643    282,941     15      230     245
Fisher River    918,740   6,940    61,580    13,150    10,415    23,700    17,465   26,150   1,078,140   2,810   885     3,695
Griswold        199,590   1,020    16,120    7,200     25,000    24,700    2,150    3,800    279,580     100     700     800
Manitowapah     203,938   1,322    28,050    15,250    12,385    83,210    14,850   11,700   370,705     260     850     1,110
Norway House    80,949    500      48,650    ...       952       1,900     51,878   18,500   203,329     ...     1,625   1,625
Pas             88,039    1,065    34,050    3,675     2,960     15,245    20,080   6,050    171,164     ...     850     850
Portage la
                200,880   3,105    8,375     8,950     10,740    15,750    1,450    3,900    253,150     885     1,350 2,235
Prairie
Total           2,305,373 16,457   244,575   49,915    84,077    227,067   117,283 83,113    3,127,860 4,070 6,490 10,560

NEW        ...            ...      ...       ...       ...       ...       ...      ...      ...         ...     ...     ...
BRUNSWICK.
Northern
           19,060         150      11,050    10,750    1,300     2,100     425      3,900    48,735      150     380     530
Division
Northeastern
                46,440    2,150    25,350    32,300    4,560     4,000     6,200    15,750   136,750     220     1,000 1,220
Division
Southwestern
                5,700     50       9,125     16,000    115       724       1,321    1,607    34,642      ...     ...     ...
Division
Total           71,200    2,350    45,525    59,050    5,975     6,824     7,946    21,257   220,127     370     1,380 1,750

27 - i 4

<!-- page 117 -->
Table, see page 48.

<!-- page 118 -->
                                            Value of
                                                                  Value                           Total
              Total     Value               Public     Value of            Value
                                 Value of                         of Live           Value of      Value of
              value of of                   Buildings, Implements          of                               Progress During
Agencies.                        Private                          Stock             Household     Real and
              Lands in Private              property and                   General                          Year 1917.
                                 Buildings.                       and               Effects.      Personal
              Reserves. Fencing.            of the     Vehicles.           Effects.
                                                                  Poultry.                        Property.
                                            Band.
                                                                                    Value of New Value of
                                                                                                            Total Increase in
...           ...       ...      ...        ...        ...        ...      ...      Land          Buildings
                                                                                                            Value.
                                                                                    Improvements. Erected.
...           $         $        $          $         $           $        $       $              $          $     $       $

NOVA         ...        ...      ...        ...       ...         ...      ...     ...            ...        ...   ...     ...
SCOTIA.
Annapolis    1,000      40       1,200      ...       60          250      25      135            2,710      ...   ...     ...
Antigonish
             9,700      735      1,505      2,500     65          332      680     320            15,837     ...   170     170
and Guysboro
Cape Breton
              12,020    680      8,760      6,725     2,540       2,115    1,530   1,215          35,585     175   400     575
(Eskasoni)
Cape Breton
              12,000    ...      7,500      ...       100         ...      500     700            20,800     ...   ...     ...
(Sydney)
Colchester    1,800     50       2,100     250        200         175      150     350            5,075      110   325     435
Cumberland    250       ...      300       600        100         200      300     200            1,950      ...   ...     ...
Digby         1,675     75       1,900     1,600      40          45       250     650            6,235      63    100     163
Halifax       1,650     260      2,050     ...        386         800      1,100   1,530          7,776      ...   ...     ...
Hants         10,510    500      5,000     1,500      1,900       900      700     2,000          23,010     ...   ...     ...
Hants
              ...       ...      250       ...        200         50       100     ...            600        ...   ...     ...
(Windsor)
Inverness     9,725     1,070    9,200     4,330      555         1,600    425     860            27,765     50    375     425
Kings         4,000     100      2,000     ...        300         500      200     300            7,400      400 75        475
Lunenburg     4,000     345      8,200     600        895         2,140    795     2,000          18,975     ...   450     450
Pictou        2,300     280      6,000     5,000      300         500      600     600            15,580     100 100       200
Queens        1,100     700      200       ...        200         250      ...     300            2,750      ...   ...     ...
Richmond      7,000     400      4,000     10,000     900         1,100    1,500   700            25,600     200 400       600
Shelburne     ...       500      1,400     ...        40          100      650     500            3,190      ...   ...     ...
Victoria      4,500     275      1,810     3,200      258         1,080    300     500            11,923     15    60      75
Yarmouth      150       ...      125       ...        ...         ...      ...     ...            275        ...   ...     ...
Total         83,380    6,010    63,500    36,305     9,039       12,137   9,805   12,860         233,036    1,113 2,455   3,568

              ...       ...      ...       ...        ...         ...      ...     ...            ...       ...    ...     ...
ONTARIO.
Alnwick       60,000    4,900    18,800    3,600      2,500       3,200    1,360   7,200          101,560   ...    ...     ...
Cape Croker   120,000   2,000    48,200    30,000     5,000       17,000   5,727   17,683         245,610   ...    1,000   1,000
Caradoc       141,750   16,825   88,275    ...        22,520      28,910   605     28,385         327,270   ...    1,000   1,000
Chapleau      18,400    ...      10,300    ...        ...         ...      3,410   ...            32,110    ...    ...     ...

<!-- page 119 -->
Christian
               29,400    850      7,500    3,200     2,100     4,500    2,800    2,700    53,050    100   300     400
Island
Fort Frances   282,456   1,100    19,900   6,900     2,355     6,900    7,800 8,500       335,911   420   ...     420
Fort William   200,000   785      43,310   2,900     1,250     3,180    16,106 9,830      277,361   150   200     350
Georgina
               32,150    850      6,000    1,400     1,325     5,280    855      2,000    49,860    ...   ...     ...
Island
Golden Lake 4,329        500      2,725    3,100     500       1,000    950      2,000    15,104    ...   ...     ...
Gore Bay     67,550      15,170   26,750   22,400    8,765     18,265   3,305    13,975   176,180   850 5,278     6,128
Kenora       123,317     482      9,475    230       3,288     6,775    14,799   16,228   174,594   73    370     443
Manitowaning 202,755     15,140   57,760   26,950    37,700    67,129   13,090   31,985   452,509   840 2,300     3,140
Moravian     95,300      5,850    30,600   5,000     8,500     19,000   1,000    10,000   175,250   50    ...     50
New Credit   210,000     8,800    41,700   9,000     9,500     17,700   700      10,000   307,400   350 750       1,100
Parry Sound 127,145      1,300    18,875   19,000    3,300     4,200    5,200    16,000   195,020   ...   ...     ...
Rama         40,000      3,000    15,250   13,200    1,250     2,200    1,400    7,250    83,550    ...   ...     ...
Rice Lake    107,000     2,700    45,000   8,800     5,300     15,450   4,300    10,300   198,850   1,650 3,000   4,650
Sarnia       520,000     6,970    35,520   17,500    14,800    14,500   2,200    3,200    614,690   ...   600     600
Saugeen      65,000      1,700    12,000   21,500    3,500     10,000   1,500    5,500    120,700   550 3,000     3,550
Sault Ste.
             50,400      2,525    27,000   26,000    6,000     12,000 8,500      12,500   144,925   ...   550     550
Marie
Savanne        101,369 178       6,325     85        2,215     1,643 14,936      13,537   140,288 47      225    272
Scugog         68,000    1,798   2,000     500       588       1,336 365         1,035    75,622    ...   ...    ...
Six Nations    1,092,400 436,960 661,255   55,000    221,000   200,900 4,000     61,000   2,732,515 1,000 16,500 17,500
Sturgeon Falls 242,190 2,350     30,800    11,000    3,600     13,400 13,300     2,850    319,490 510 1,500 2,010
Thessalon      132,532 9,505     13,100    10,000    1,100     9,280 8,255       8,268    192,040 720 60         780
Tyendinaga     645,300 134,825 91,355      39,300    42,754    84,347 2,645      55,800   1,096,326 ...   2,200 2,200
Walpole
               68,160    7,483   21,015    1,950     9,069     21,846 2,544      8,657    140,724   ...   450     450
Island
Total          4,846,903 684,546 1,390,790 338,515   419,779   589,941 141,652 366,383    8,778,509 7,310 39,283 46,593

PRINCE
               ...       ...      ...      ...       ...       ...      ...      ...      ...       ...   ...     ...
EDWARD
ISLAND.
Micmacs of
               20,214    1,630    7,500    8,000     900       2,200    2,000    3,000    45,444    41    300     340
P.E.I.

27 - i 4 1/2

